main           12.07813      102           1.999999955296516D-02 
main           57.11719      201           1.999999955296516D-02 
main           59.03906      202           5.000000074505806D-02 
main           75.89844      203           5.000000074505806D-02 
main           85.07813      204           5.000000074505806D-02 
main           99.79688      205           5.000000074505806D-02 
main           103.4219      206           5.000000074505806D-02 
main           110.7266      301           5.000000074505806D-02 
 
 1.999999955296516D-02  0 
 3015132.004297971 -18157858.87125979  10021378.85578534 
 1911.882735252152  380.1810395946469 -304.634033203125 
 .9078370955203879  .1314022621767681 -.3982025282339804 
-.4108037213389489  8.825683270858418D-02 -.9074420279082958 
-8.409584134294235D-02  .987392615414495  .1341033649605624 
 0 -.1745329  .6166  0  0  0 
 0  32000  683 -185  0 
Send.pos.prep: 114.0156      HUDFlags are 0000001000010000
 
 1.999999955296516D-02  1.999999955296516D-02 
 3015170.240135471 -18157851.26577484  10021372.76008593 
 1911.701100265319  380.3674723903715 -304.9359213389839 
 .9076976555010738  .1314395949309061 -.3985079661465418 
-.4111103149381937  8.821244727711559D-02 -.9073074854186981 
-8.410276540800027D-02  .9873916128010108  .1341064048468434 
 .251623 -.1747326  .6165526  0 -7.62816E-04  3.377446E-02 
 .1002703  31980.45  681.1978 -200.3283  17.80561351738168 
 
 1.999999955296516D-02  3.999999910593033D-02 
 3015208.472342825 -18157843.65657358  10021366.65834689 
 1911.519720518786  380.5526710537887 -305.2379967200261 
 .9072942910194374  .1315515610336898 -.3993886030836829 
-.4119948639787068  8.808428954555417D-02 -.9069186236870547 
-.08412669932134  .987388142892578  .134116940527446 
 .2523231 -.1753159  .6164152  0 -1.875125E-03  6.369682E-02 
 .1004918  31976.45  681.2202 -200.6556  17.86870716684567 
 
 1.999999955296516D-02  5.999999865889549D-02 
 3015246.700925365 -18157836.04367956  10021360.55056539 
 1911.338618935462  380.7367478775153 -305.540166813538 
 .9066559797263903  .1317377522750682 -.4007743742455247 
-.4133881299445039  8.788210095135511D-02 -.9063040275500057 
-8.417356145111787D-02  .9873813351273601  .1341376553945472 
 .2534735 -.1762442  .6161984  0 -3.293541E-03  8.991957E-02 
 .1006879  31972.44  681.2428 -200.982  17.92556724955806 
 
 1.999999955296516D-02  7.999999821186066D-02 
 3015284.925888829 -18157828.42711382  10021354.43674041 
 1911.157812921314  380.9198433631114 -305.8423450387747 
 .9058099095074124  .1319971649813384 -.402598008285017 
-.4152235505906228  8.761510960388277D-02 -.9054904723982554 
-8.424850665198588D-02  .9873704173237056  .1341709660132227 
 .2550115 -.1774802  .615912  0 -4.980261E-03  .1126126 
 .1008529  31968.43  681.2657 -201.3075  17.9747806267558 
 
 1.999999955296516D-02  9.999999776482582D-02 
 3015323.147239251 -18157820.80689433  10021348.31687259 
 1910.977314724188  381.1021221668692 -306.1444507972367 
 .9047816628171319  .1323283763643309 -.4047954340634855 
-.4174376656967797  8.729201952809663D-02 -.9045031224845659 
-8.435601867969604D-02  .9873547002650496  .1342190671142681 
 .2568776 -.1789879  .6155653  0 -6.902323E-03  .1319596 
 .100982  31964.42  681.2887 -201.6321  18.01514074984286 
 
 1.999999955296516D-02  .119999997317791 
 3015361.364982866 -18157813.18303559  10021342.19096412 
 1910.797132198232  381.2837689526763 -306.4464096581262 
 .9035953581775199  .1327296911639349 -.4073060983628479 
-.4199704513224587  8.692100628485072D-02 -.9033656838083007 
-.0844999922843175  .9873335645818767  .1342839661091185 
 .259016 -.1807332  .6151669  0 -9.030974E-03  .1481551 
 .1010711  31960.4  681.3121 -201.9562  18.04565436573721 
 
 1.999999955296516D-02  .1399999968707561 
 3015399.579126023 -18157805.55554821  10021336.05901863 
 1910.617268848165  381.4649861956558 -306.7481529964326 
 .9022737536090113  .1331992617179267 -.4100732010581823 
-.4227655692594103  8.650971762052841D-02 -.9021005166864625 
-8.468380599070753D-02  .9873064496067141  .1343675093462423 
 .2613743 -.1826837  .6147248  0 -1.134111E-02  .161401 
 .1011167  31956.37  681.3358 -202.2796  18.06543795454843 
 
 1.999999955296516D-02  .1599999964237213 
 3015437.7896751 -18157797.92443861  10021329.92104106 
 1910.437724254398  381.6459909396507 -307.0496178857035 
 .9008383172302349  .1337351845630572 -.4130438555646165 
-.425770539698559  8.606527800191825D-02 -.9007287135687692 
-8.491038649421148D-02  .9872728439151646  .1344714019152997 
 .2639039 -.184809  .6142465  0 -1.381078E-02  .1719041 
 .1011158  31952.35  681.3599 -202.6028  18.07377221281613 
 
 1.999999955296516D-02  .1799999959766865 
 3015475.996636433 -18157790.28970874  10021323.77703755 
 1910.258494461457  381.8270129661319 -307.3507468274269 
 .8993092699487981  .1343355767170603 -.4161691841213797 
-.4289368468868878  8.559429592614481D-02 -.8992701473348493 
-8.518226556563517D-02  .9872322772949645  .1345972224828702 
 .2665596 -.187081  .6137394  0 -1.642078E-02  .1798736 
 .1010659  31948.31  681.3842 -202.9257  18.0700307173653 
 
 1.999999955296516D-02  .1999999955296516 
 3015514.200016247 -18157782.65135586  10021317.62701534 
 1910.079572304035  382.0082924667526 -307.6514874959767 
 .8977059111400124  .1349951122499517 -.4194048363728097 
-.4322199856831539  8.510287337224713D-02 -.8977434961723983 
-8.549842735591376D-02  .9871847955739642  .1347449379652362 
 .2693021 -.1894708  .6132099  0 -1.879749E-02  .185519 
 .1009649  31944.28  681.409 -203.2487  18.05372724079074 
 
 1.999999955296516D-02  .2199999950826168 
 3015552.3998206 -18157775.00937248  10021311.47098266 
 1909.900948425316  382.1900624561927 -307.9517942658168 
 .8960466673510827  .1357046476887883 -.4227110343067478 
-.4355794546164881  .084596630607239 -.8961662506510188 
-8.585399609232701D-02  .9871310240720649  .1349126853539523 
 .2720978 -.1919483  .6126637  0 -.0208837  .1890479 
 .1008145  31940.23  681.4341 -203.5718  18.02528637604286 
 
 1.999999955296516D-02  .239999994635582 
 3015590.596055365 -18157767.36374674  10021305.30894855 
 1909.722613414425  382.3725281698748 -308.2516305664412 
 .8943487495909823  .1364552317987075 -.4260519731438971 
-.4389787040269595  8.408073500318881D-02 -.8945547090100942 
-8.624390712309996D-02  .9870716284627392  .1350984410274877 
 .2749166 -.1944859  .6121061  0 -2.271259E-02  .1906643 
 .1006208  31936.18  681.4597 -203.8952  17.98617611256236 
 
 1.999999955296516D-02  .2599999941885471 
 3015628.78872622 -18157759.71446297  10021299.1409227 
 1909.544557501032  382.5558664215807 -308.5509681861829 
 .8926280735304702  .1372389489191519 -.4293956139096534 
-.4423850448397311  8.355991494573514D-02 -.8929239680490216 
-8.666368586340373D-02  .9870071993221869  .1353003844737382 
 .2777314 -.1970588  .6115423  0 -2.431362E-02  .1905672 
 .1003896  31932.13  681.4857 -204.2192  17.93788596585199 
 
 1.999999955296516D-02  .2799999937415123 
 3015666.97783865 -18157752.06150219  10021292.96691529 
 1909.36677085948  382.7402289560805 -308.8497865086718 
 .8908992572191371  .1380488323886774 -.4327135696537754 
-.4457695243714526  8.303846955065484D-02 -.8912879129194636 
-8.710938312282293D-02  .9869382617219818  .1355168731972275 
 .2805177 -.1996447  .6109768  0 -2.571295E-02  .1889496 
 .1001264  31928.07  681.5121 -204.5437  17.8817324440384 
 
 1.999999955296516D-02  .2999999932944775 
 3015705.163397937 -18157744.40484261  10021286.78693685 
 1909.18924316659  382.9257460420969 -309.1480713820468 
 .8891756196949416  .1388787824515849 -.4359809641772013 
-.4491067755191943  8.252027829748315D-02 -.889659208827997 
-8.757751722256477D-02  .9868652833363177  .1357464217674267 
 .283254 -.2022243  .6104141  0 -2.693379E-02  .1859966 
 9.983587E-02  31924  681.5392 -204.8689  17.81884190340551 
 
 1.999999955296516D-02  .3199999928474426 
 3015743.345409153 -18157736.74446004  10021280.60099813 
 1909.011963769313  383.1125285034694 -309.4458144550183 
 .8874691834663653  .1397234882240695 -.4391762689809655 
-.4523748449346713  8.200881119650472D-02 -.8880492973683768 
-8.806502181839815D-02  .9867886813926443  .1359876840287043 
 .2859214 -.2047805  .6098584  0 -2.799672E-02  .1818853 
 .099522  31919.92  681.5667 -205.195  17.75023379198374 
 
 1.999999955296516D-02  .3399999924004078 
 3015781.523877155 -18157729.08032822  10021274.40911 
 1908.834921750897  383.3006705392572 -309.7430124159537 
 .8857906828065566  .1405783540524349 -.4422811239754672 
-.4555550057135593  8.150713985847048D-02 -.8864683992796417 
-8.856919906159874D-02  .9867088286439922  .136239437952404 
 .2885034 -.2072989  .6093134  0 -2.891999E-02  .1767838 
 9.918848E-02  31915.84  681.5945 -205.5219  17.67678096720136 
 
 1.999999955296516D-02  .359999991953373 
 3015819.698806577 -18157721.41241916  10021268.21128335 
 1908.658105790916  383.4902521523816 -310.0396661907368 
 .8841495789482724  .1414394303046543 -.4452801473237802 
-.4586315599262923  8.101794962477049D-02 -.8849255245941172 
-8.908767751585088D-02  .9866260585417822  .136500572603703 
 .2909862 -.2097668  .6087826  0 -2.971977E-02  .1708506 
 9.883837E-02  31911.75  681.623 -205.8498  17.5992281188981 
 
 1.999999955296516D-02  .3799999915063381 
 3015857.870201823 -18157713.74070341  10021262.00752903 
 1908.481504058551  383.6813402447052 -310.3357803046906 
 .8825540854149672  .1423033484455609 -.4481607338205033 
-.4615916303960409  8.054355364380614D-02 -.8834284932662925 
-8.961837459849084D-02  .9865406697078473  .1367700769419832 
 .2933582 -.212174  .6082691  0 -3.041036E-02  .1642342 
 9.847429E-02  31907.66  681.6521 -206.1787  17.51825906018123 
 
 1.999999955296516D-02  .3999999910593033 
 3015896.038067055 -18157706.06515027  10021255.79785774 
 1908.305104514267  383.8739906772012 -310.6313623949608 
 .8810112015322107  .1431672605807844 -.4509128499749859 
-.4644249498248126  8.008590822329455D-02 -.881983964301092 
-9.015946292536672D-02  .9864529298460434  .1370470300413899 
 .2956102 -.2145117  .6077752  0 -3.100445E-02  .1570727 
 9.809872E-02  31903.56  681.6817 -206.5086  17.43445219324377 
 
 1.999999955296516D-02  .4199999906122684 
 3015934.202406197 -18157698.38572804  10021249.58228003 
 1908.128894929906  384.0682495596349 -310.9264226810699 
 .8795267536577724  .1440287837643632 -.4535288293455866 
-.467123650819727  7.964662932056472D-02 -.880597472902757 
-9.070934045107829D-02  .9863630791373074  .1373305926212348 
 .2977348 -.2167732  .6073036  0 -3.151324E-02  .1494941 
 9.771368E-02  31899.45  681.7117 -206.8397  17.34831719713648 
 
 1.999999955296516D-02  .4399999901652336 
 3015972.363222923 -18157690.70240417  10021243.3608062 
 1907.952862940163  384.2641548567074 -311.220973452863 
 .8781054450456089  .144885948419344 -.4560031681160561 
-.4696820567324995  7.922701048163279D-02 -.8792734764529588 
-9.126660377587216D-02  .98627133323481  .1376199995438438 
 .2997266 -.2189534  .6068559  0 -3.194667E-02  .1416158 
 9.732096E-02  31895.33  681.7424 -207.172  17.26027985767389 
 
 1.999999955296516D-02  .4599999897181988 
 3016010.520520659 -18157683.01514542  10021237.13344632 
 1907.776995978155  384.4617370388326 -311.5150286138022 
 .8767509133727579  .145737151029062 -.4583323234400634 
-.4720964758350842  7.882804201286067D-02 -.8780154083480038 
-9.183002452427121D-02  .9861778858818272  .1379145532332275 
 .3015821 -.2210482  .6064337  0 -3.231352E-02  .1335448 
 9.692208E-02  31891.21  681.7734 -207.5054  17.17072918883054 
 
 1.999999955296516D-02  .4799999892711639 
 3016048.674302582 -18157675.32391802  10021230.90021014 
 1907.601281606525  384.6610203224116 -311.8086034117666 
 .8754657945583703  .1465811108195055 -.4605145171535865 
-.4743650013650315  7.845043106305565D-02 -.8768257383003615 
-9.239852833370622D-02  .9860829112285334  .1382136177980474 
 .3032992 -.2230554  .6060383  0 -3.262156E-02  .1253783 
 9.651846E-02  31887.07  681.8051 -207.8401  17.07999160177203 
 
 1.999999955296516D-02  .4999999888241291 
 3016086.824571619 -18157667.62868776  10021224.66110711 
 1907.425707359535  384.8620228756051 -312.1017140334305 
 .8742550519401138  .1474155775812542 -.4625437834881946 
-.4764750029547189  7.802710768735793D-02 -.8757187573789007 
-9.300363281339755D-02  .985992098321447  .1384554308475478 
 .3048722 -.224969  .605602 -6.947109E-03 -3.280365E-02  .1165332 
 9.611128E-02  31882.93  681.8375 -208.176  16.98838258059806 
 
 1.999999955296516D-02  .5199999883770943 
 3016124.971330566 -18157659.92942021  10021218.41614652 
 1907.250272543626  385.0647490476259 -312.3943586277306 
 .8731225113912195  .1482379739717858 -.4644163898643428 
-.4784158329868145  7.749067924329568D-02 -.8747076570934684 
-.0936769494028362  .9859111003042577  .1385782502683076 
 .3062978 -.2267843  .6050569 -1.389466E-02 -3.288978E-02  .1078344 
 9.570308E-02  31878.79  681.8702 -208.5131  16.89652773183614 
 
 1.999999955296516D-02  .5399999879300594 
 3016163.114582323 -18157652.22608101  10021212.1653379 
 1907.0749884809  385.2691890602007 -312.6865176800006 
 .872067672541019  .1490466883879596 -.4661363096664665 
-.4801909260641513  .076840952023137 -.873791818809166 
-9.441741912667512D-02  .9858400239251599  .1385813775104626 
 .3075801 -.2285017  .6044027 -2.084262E-02 -3.288934E-02  9.934046E-02 
 9.529652E-02  31874.63  681.9037 -208.8515  16.80507169821526 
 
 1.999999955296516D-02  .5599999874830246 
 3016201.254330023 -18157644.51863603  10021205.90869113 
 1906.899866751775  385.4753257668678 -312.9781727785607 
 .8710893865031056  .1498404217367047 -.467708380014095 
-.4818045827046702  7.607755505881302D-02 -.8729699592202766 
-9.522407682104962D-02  .9857789070730004  .1384641526299826 
 .3087236 -.2301226  .6036388 -2.779095E-02 -3.281083E-02  9.110145E-02 
 9.489308E-02  31870.47  681.9377 -209.1911  16.71440050830468 
 
 1.999999955296516D-02  .5799999870359898 
 3016239.390577033 -18157636.80705157  10021199.64621648 
 1906.724919461913  385.6831372889794 -313.2693063431768 
 .8701859348298835  .1506181514037357 -.4691381580003514 
-.4832618240410012  7.519995993279048D-02 -.8722402051331219 
-9.609603659259651D-02  .9857277202624605  .1382259500143382 
 .309734 -.2316489  .6027648 -3.473962E-02 -3.266186E-02  8.315949E-02 
 9.449387E-02  31866.3  681.972 -209.5319  16.62476905038539 
 
 1.999999955296516D-02  .5999999865889549 
 3016277.523326966 -18157629.09129441  10021193.37792454 
 1906.550159164348  385.8925957926081 -313.5599015220835 
 .8693549672103301  .1513791191547806 -.4704320389499932 
-.4845688044921505  7.421046963635862D-02 -.8715996098607427 
-9.703099865390089D-02  .9856861409598257  .1378688391912867 
 .3106174 -.2330833  .6017826 -4.138295E-02 -3.244932E-02  7.557808E-02 
 9.410015E-02  31862.12  682.007 -209.8738  16.53649101737255 
 
 1.999999955296516D-02  .6199999861419201 
 3016315.652583691 -18157621.37133194  10021187.10382624 
 1906.375598488606  386.1036686429449 -313.8499428408513 
 .8685935513506712  .1521228027052943 -.4715971749799974 
-.4857328331400973  7.311512779880323D-02 -.8710440820628189 
-9.802477932503928D-02  .98565350452583  .1373983684554755 
 .3113809 -.2344292  .600698 -4.762972E-02 -3.217904E-02  6.838996E-02 
 9.371296E-02  31857.93  682.0426 -210.2168  16.44982555822683 
 
 1.999999955296516D-02  .6399999856948853 
 3016353.778351319 -18157613.64713224  10021180.82393278 
 1906.201249557901  386.316318833849 -314.1394171181998 
 .8678984164720218  .1528488598738068 -.4726410527246162 
-.4867616470610958  7.192054432877874D-02 -.8705690864335931 
-9.907289051867491D-02  .9856290688381349  .1368206893183379 
 .3120317 -.2356904  .5995175 -5.350357E-02 -3.185638E-02  6.161002E-02 
 9.333325E-02  31853.74  682.0787 -210.5609  16.36501359003176 
 
 1.999999955296516D-02  .6599999852478504 
 3016391.900634203 -18157605.91866417  10021174.53825561 
 1906.027124037144  386.5305053432552 -314.4283135396188 
 .86726607360161  .1535570946516089 -.4735713000824719 
-.4876631108847978  7.063281156310444D-02 -.8701699237579128 
-.1001710929450575  .9856121065677141  .1361415716280111 
 .3125773 -.2368709  .5982469 -5.902673E-02 -.0314864  5.524818E-02 
 9.296195E-02  31849.54  682.1152 -210.906  16.28227853322436 
 
 1.999999955296516D-02  .6799999848008156 
 3016430.019436923 -18157598.18589746  10021168.24680638 
 1905.853233182306  386.7461833084079 -314.7166233512315 
 .8666928717688381  .1542474351133919 -.4743956099986837 
-.488445143341294  6.925754637812957D-02 -.869841786887698 
-.1013153886208122  .9856019079885248  .1353664323161125 
 .3130252 -.237975  .5968915 -6.422012E-02 -3.107394E-02  4.930984E-02 
 9.259992E-02  31845.33  682.1524 -211.2521  16.20183255103676 
 
 1.999999955296516D-02  .6999999843537807 
 3016468.134764283 -18157590.44880276  10021161.94959689 
 1905.679587990184  386.9633038136012 -315.0043396682083 
 .866175050580098  .1549199130451551 -.4751216710429501 
-.4891156500069954  6.779992979630084D-02 -.8695798125749301 
-.1025020130085173  .9855977831051049  .1345003615887464 
 .3133828 -.2390068  .5954562 -.0691034 -3.062352E-02  4.379616E-02 
 9.224802E-02  31841.11  682.1901 -211.5991  16.12389693439289 
 
 1.999999955296516D-02  .7199999839067459 
 3016506.246621303 -18157582.70735174  10021155.64663907 
 1905.506199241423  387.1818151091687 -315.2914571350511 
 .8657087885499155  .1555746455409569 -.4757571051411028 
-.4896824627433794  6.626474404368653D-02 -.8693791286765533 
-.1037274269854203  .9855990631903164  .1335481468585543 
 .3136578 -.2399708  .5939455 -7.369509E-02 -3.013944E-02  3.870463E-02 
 9.190688E-02  31836.88  682.2283 -211.947  16.0486300585863 
 
 1.999999955296516D-02  .7399999834597111 
 3016544.355013222 -18157574.96151715  10021149.33794492 
 1905.33307778808  387.4016617730348 -315.5779719139739 
 .8652902463306301  .1562118184919129 -.4763094134788082 
-.4901532869585191  6.465640731125273D-02 -.869234895915575 
-.1049883083435309  .9856051018318899  .1325142949047863 
 .3138573 -.2408713  .5923634 -7.801257E-02 -2.962572E-02  3.402942E-02 
 9.157735E-02  31832.65  682.2669 -212.2957  15.97623228550966 
 
 1.999999955296516D-02  .7599999830126762 
 3016582.459945493 -18157567.21127285  10021143.02352653 
 1905.160234527038  387.6227853836003 -315.8638813991727 
 .8649156054197962  .156831671882928 -.4767859291083499 
-.4905356552611553  6.297900599156539D-02 -.8691423449135492 
-.1062815431710316  .9856152756013469  .1314030520287265 
 .3139885 -.2417128  .5907138 -8.207221E-02 -2.908613E-02  .0297619 
 9.126007E-02  31828.41  682.306 -212.6453  15.90686807888255 
 
 1.999999955296516D-02  .7799999825656414 
 3016620.56142379 -18157559.45659392  10021136.70339601 
 1904.987680312165  387.8451255468272 -316.1491838968071 
 .8645811025979422  .1574344867757098 -.4771937755296006 
-.4908368868119279  6.123632428099558D-02 -.8690968088385361 
-.1076042172746988  .9856289844369536  .1302184221317314 
 .3140585 -.2424994  .589 -8.588938E-02 -2.852416E-02  .0258908 
 .0909555  31824.16  682.3457 -212.9955  15.84064804443627 
 
 1.999999955296516D-02  .7999999821186066 
 3016658.659454003 -18157551.69745664  10021130.37756553 
 1904.815426096645  388.0686191401317 -316.4338785893184 
 .8642830608862739  .1580205736402822 -.477539829722557 
-.4910640509757938  5.943187229569954D-02 -.8690937523620049 
-.1089536071192482  .9856456517744207  .1289641835312452 
 .314074 -.2432355  .5872253 -8.947857E-02 -2.794306E-02  2.240264E-02 
 9.066418E-02  31819.91  682.3859 -213.3464  15.77771994876982 
 
 1.999999955296516D-02  .8199999816715717 
 3016696.754042243 -18157543.93383861  10021124.04604723 
 1904.643483045875  388.2932010247538 -316.7179653934432 
 .8640179152163098  .1585902623892405 -.477830692673224 
-.4912239382965776  5.756891146819524D-02 -.8691287953328704 
-.1103271708585931  .9856647244918921  .1276439041343528 
 .3140414 -.2439249  .5853926 -9.285338E-02 -2.734584E-02  1.928221E-02 
 9.038657E-02  31815.64  682.4265 -213.6979  15.7181955654173 
 
 1.999999955296516D-02  .8399999812245369 
 3016734.845194848 -18157536.16571873  10021117.70885327 
 1904.471862601669  388.518804520421 -317.0014448299189 
 .863782233652996  .1591438939252575 -.4780726658696842 
-.4913230373410634  5.565047782214255D-02 -.8691977319897461 
-.1117225393704971  .9856856726890537  .1262609553747084 
 .3139669 -.2445717  .5835046 -.0960266 -2.673524E-02  1.651283E-02 
 9.012308E-02  31811.37  682.4677 -214.05  15.66216227406259 
 
 1.999999955296516D-02  .8599999807775021 
 3016772.932918385 -18157528.39307724  10021111.36599579 
 1904.300576251938  388.7453615173515 -317.2843177697441 
 .8635727356266875  .1596818128137813 -.4782717312770462 
-.491367514927243  5.367940346998422D-02 -.8692965471674966 
-.1131375072929581  .985707989365821  .124818524842768 
 .3138564 -.2451795  .5815639 -9.901027E-02 -.0261138  1.407656E-02 
 8.987393E-02  31807.1  682.5093 -214.4025  15.60969856773951 
 
 1.999999955296516D-02  .8799999803304672 
 3016811.017219653 -18157520.61589578  10021105.0174869 
 1904.129635708554  388.9728024445768 -317.566585434908 
 .863386306466692  .1602043612112467 -.478433536089078 
-.4913632010493539  5.165833601687748D-02 -.8694214288677838 
-.1145700242661002  .9857311900152405  .1233196276786524 
 .3137154 -.2457519  .5795728 -.1018157 -2.548381E-02  1.195461E-02 
 8.963944E-02  31802.81  682.5513 -214.7555  15.56088506004265 
 
 1.999999955296516D-02  .8999999798834324 
 3016849.09810569 -18157512.83415736  10021098.66333869 
 1903.95905303001  389.2010570853207 -317.84824932945 
 .8632200082123068  .1607118739900657 -.4785633824067043 
-.4913155787329579  .0495897564726372 -.8695687771230532 
-.1160181861444256  .9857548121168793  .1217671173682437 
 .3135491 -.2462921  .5775336 -.1044535 -2.484733E-02  1.012752E-02 
 8.941983E-02  31798.52  682.5938 -215.1088  15.51576206622117 
 
 1.999999955296516D-02  .9199999794363976 
 3016887.175583774 -18157505.04784641  10021092.30356323 
 1903.788840520026  389.4300543876657 -318.1293111216969 
 .863071087404282  .1612046747109613 -.4786662208033096 
-.4912297776730165  4.747599503635802D-02 -.869735209947617 
-.117480226481345  .985778414628074  .1201636951797464 
 .3133625 -.2468034  .5754483 -.1069338 -2.420626E-02  8.575486E-03 
 8.921526E-02  31794.22  682.6366 -215.4625  15.47437759493109 
 
 1.999999955296516D-02  .9399999789893627 
 3016925.249661434 -18157497.25694881  10021085.93817253 
 1903.619010585054  389.6597232996163 -318.4097724549084 
 .8629369801215233  .1616830726635066 -.4787466473541429 
-.4911105713899702  4.531924579159172D-02 -.8699175665716247 
-.1189545081439179  .9858015773851079  .1185119193046421 
 .3131599 -.2472887  .573319 -.1092658 -2.356225E-02  7.278488E-03 
 8.902575E-02  31789.91  682.6801 -215.8163  15.43673621225248 
 
 1.999999955296516D-02  .9599999785423279 
 3016963.320346446 -18157489.46145183  10021079.5671786 
 1903.449575756806  389.8899920627637 -318.689634950635 
 .8628153151412045  .1621473604669765 -.4788089028530854 
-.4909623764969409  4.312157973636133D-02 -.8701129088948832 
-.1204395152026891  .9858239005292129  .1168142128471882 
 .3129455 -.2477506  .5711474 -.1114585 -2.291678E-02  6.216443E-03 
 8.885138E-02  31785.6  682.7239 -216.1704  15.40287717670546 
 
 1.999999955296516D-02  .979999978095293 
 3017001.387646841 -18157481.6613442  10021073.19059339 
 1903.280548862137  390.120789050834 -318.9689002176868 
 .8627046639410988  .1625977085057385 -.4788555606891893 
-.4907858670360664  4.086838463843893D-02 -.8703212095856908 
-.1219421811020747  .9858457081743197  .1150580033823866 
 .3127219 -.2481907  .5689187 -.1152262 -2.226726E-02  5.217847E-03 
 8.869218E-02  31781.27  682.7681 -216.5246  15.37279892382996 
 
 1.999999955296516D-02  .9999999776482582 
 3017039.451570934 -18157473.85661605  10021066.80842888 
 1903.111945446719  390.3520426958876 -319.247565404205 
 .862603658377452  .1630342544537083 -.4788890899034542 
-.4905816293110795  3.854590814678997D-02 -.8705422895802505 
-.123468998280222  .9858671537483441  .1132314515663197 
 .3124915 -.2486107  .5666186 -.1187687 -2.161535E-02  4.441576E-03 
 8.854815E-02  31776.94  682.8128 -216.8788  15.34649335129771 
 
 .1  1.099999977648258 
 3017229.720828447 -18157434.76358195  10021034.81409601 
 1902.273204825859  391.5086394511897 -320.6390920255417 
 .8622742853456924  .1644928079734333 -.4789834787929431 
-.4892154401964288  2.596733607915464D-02 -.871776319092441 
-.1309630096820804  .9860364159512396  .1028633876218544 
 .3115881 -.2500013  .5540484 -.1354227 -7.743057E-03  1.557933E-03 
 8.841937E-02  31755.18  683.0425 -218.6487  15.335583719281 
 
 .1  1.199999977648258 
 3017419.906918376 -18157395.55530178  10021002.68133009 
 1901.448593749708  392.656963845486 -322.0162262531833 
 .8621597099629182  .1644558387262857 -.4792023702210684 
-.4875292371188054  1.199577298564691D-02 -.8730242518881314 
-.1378255327252949  .986311501777866  .0905193017520458 
 .3114809 -.2500844  .539866 -.1471  8.622332E-03  3.360395E-03 
 8.852563E-02  31733.23  683.2809 -220.4026  15.41964545479049 
 
 .1  1.299999977648258 
 3017610.011578546 -18157356.2344483  10020970.41149974 
 1900.644609651067  393.7601057515334 -323.3803808162398 
 .8621518829957999  .1627602761931151 -.4797949803200705 
-.4858439390871592 -3.004022873585337D-03 -.8740404125089678 
-.1437003740394167  .9866610706519815  7.648616973555306D-02 
 .3124869 -.2488532  .5244139 -.1552866  2.587602E-02  6.656406E-03 
 9.017682E-02  31711.09  683.5248 -222.1081  15.89137807309488 
 
 .1  1.399999977648259 
 3017800.037232378 -18157316.80752515  10020938.0058871 
 1899.86846698336  394.7783572564882 -324.7318719113794 
 .8622535337774629  .1593377575392955 -.4807601507099207 
-.4842511609776874 -1.874738213942062D-02 -.8747281570606261 
-.1483902172652852  .9870461056532597  6.099449757719329D-02 
 .3146268 -.2462467  .5079855 -.1610254  4.343003E-02  9.433549E-03 
 9.348369E-02  31688.77  683.7697 -223.7301  16.77939893457534 
 
 .1  1.499999977648259 
 3017989.987025041 -18157277.28501013  10020905.46583426 
 1899.127386268234  395.6719431000669 -326.0691849412386 
 .8624967339495661  .1543735994615222 -.4819420875122077 
-.4827078008168515 -3.501023856176922D-02 -.8750814031999572 
-.1519623734905764  .9873920573840669  4.432112428593182D-02 
 .317653 -.2423517  .4908556 -.1650482  5.673105E-02  1.075008E-02 
 .0984399  31666.28  684.01 -225.2322  18.08242399526518 
 
 .1  1.599999977648259 
 3018179.864761726 -18157237.68105279  10020872.79295527 
 1898.427347435  396.4072037044353 -327.3883949121987 
 .8628737612716672  .148395564254906 -.4831434865734542 
-.481160019967584 -5.141620622073304D-02 -.8751236535042695 
-.1547058734944455  .9875905681239235  2.703631740798789D-02 
 .321126 -.2375463  .4734925 -.1636965  6.353379E-02  1.082273E-02 
 .1047822  31643.64  684.2399 -226.5826  19.7345015855175 
 
 .1  1.699999977648259 
 3018369.674708681 -18157198.01245877  10020839.98935129 
 1897.771591657593  396.9646767886342 -328.6836846374596 
 .8633768101821806  .1419574987886622 -.48417822356784 
-.4795197163339816 -6.769120981780224D-02 -.8749164198712808 
-.1569755563347993  .9875555521848217  9.628398740754022D-03 
 .3246094 -.2322364  .4562534 -.1627488  6.574657E-02  9.067627E-03 
 .1119176  31620.86  684.4535 -227.7612  21.58853182258662 
 
 .1  1.799999977648259 
 3018559.421328322 -18157158.29726737  10020807.05774192 
 1897.160801155396  397.3391511741034 -329.9485029128825 
 .8640157109707454  .1354462846509261 -.4849032431011129 
-.4776622025062902 -8.384493047619833D-02 -.8745335030347783 
-.159108992494316  .9872306374944513 -7.745766569029934D-03 
 .3277873 -.2266959  .4391789 -.1620843  6.500353E-02  6.307062E-03 
 .1192604  31597.98  684.6461 -228.7602  23.49898391877644 
 
 .1  1.899999977648259 
 3018749.1090821 -18157118.55356053  10020774.00150605 
 1896.594274403756  397.5349855943531 -331.1762144588958 
 .8647869552842575  .1290944170678463 -.4852609127594099 
-.4755259604046376 -9.988995826202893D-02 -.8740120463813164 
-.161302767959603  .9865883780586115 -2.499578620982714D-02 
 .3305013 -.2211045  .4222787 -.161618  6.281134E-02  3.232568E-03 
 .1264257  31575  684.8144 -229.5803  25.36964250745422 
 
 .1  1.999999977648259 
 3018938.742329312 -18157078.79871027  10020740.82466042 
 1896.070669844396  397.5620196981849 -332.360698009464 
 .8656794559239507  .1230000752242398 -.4852525745279905 
-.4730988935311672 -.1158405383532412 -.8733604104913479 
-.1636353156589274  .9856226210720112 -4.208957472273327D-02 
 .332714 -.2155515  .4055405 -.1612909  .060325  3.088716E-04 
 .1332006  31551.95  684.9565 -230.2273  27.14660612747026 
 
 .1032986111111111  2.10329858875937 
 3019134.578076876 -18157037.73803876  10020706.4316594 
 1895.572711569852  397.4277884249844 -333.5340445450888 
 .8665651991112343  .1172319419211019 -.4850993995901387 
-.4707520199253045 -.13072447594468 -.8725271612535818 
-.1657024182851636  .9844631954432805 -5.809410806658872D-02 
 .3346062 -.2102241  .3899331 -.1308694  5.267984E-02  1.924742E-03 
 .1395128  31528.09  685.0751 -230.725  28.81169846465362 
 
 .1032986111111111  2.206597199870481 
 3019330.364445193 -18156996.69889387  10020671.9201519 
 1895.114621220612  397.1452351812142 -334.6551425993618 
 .8673375067276726  .1122843415024985 -.4848895503893372 
-.4687966832669066 -.1429702941173866 -.8716588580161019 
-.1671984425207687  .9833370336020792 -7.136497155671621D-02 
 .3360629 -.2056179  .3770844 -.1098014  4.433822E-02  1.350753E-05 
 .1452914  31504.19  685.1656 -231.0635  30.34392952068287 
 
 .1032986111111111  2.309895810981593 
 3019526.105200714 -18156955.69526368  10020637.29526752 
 1894.689586498293  396.7401762221638 -335.7291734871501 
 .8680813111728435  .1081862480496027 -.484490013235965 
-.4669421936067685 -.1533664364117331 -.8708867458011197 
-.1685224763114246  .9822293377390608 -.0826178132278364 
 .3369368 -.2016789  .3662029 -9.520374E-02  3.664438E-02 -2.163556E-03 
 .1500467  31480.27  685.2312 -231.2685  31.61721967597708 
 
 .1032986111111111  2.413194422092704 
 3019721.803468462 -18156914.73850804  10020602.56160973 
 1894.29200082355  396.2376809164139 -336.7611420085815 
 .8687920650440574  .1048043575114061 -.4839590833563335 
-.4651416700751644 -.1624795963274607 -.8701974531891895 
-.1698339614922999  .9811301786327261 -.0924121101368495 
 .3373495 -.1983167  .3566941 -8.508485E-02  3.083845E-02 -3.172314E-03 
 .1538141  31456.34  685.2761 -231.3651  32.63960055456194 
 
 .1032986111111111  2.516493033203815 
 3019917.461863852 -18156873.83760942  10020567.72330179 
 1893.917604038583  395.6587092073171 -337.7553410987086 
 .869441670759  .1019079878965996 -.4834107395897033 
-.4634477886465962 -.1707117016119815 -.8695249634894453 
-.1711354093879383  .9800368752937854 -.10119483543153 
 .3375237 -.195386  .3481197 -7.806797E-02  2.729822E-02 -2.805046E-03 
 .1567596  31432.41  685.3043 -231.3741  33.45284123608821 
 
 .1032986111111111  2.619791644314926 
 3020113.082629114 -18156832.99970083  10020532.78408132 
 1893.56343095536  395.0181091654638 -338.7149442973914 
 .8698895396487908  .0994076567792524 -.4831255598529972 
-.4622956239954378 -.1771880714104672 -.8688424157374612 
-.1719736748583408  .9791437612135899 -.1081783251498196 
 .3377853 -.1929645  .3413435 -.0499763  2.218791E-02  2.249394E-03 
 .1591257  31408.49  685.3187 -231.3102  34.11782044357297 
 
 .1032986111111111  2.723090255426037 
 3020308.6676131 -18156792.23047002  10020497.74720179 
 1893.224830422952  394.3290152367593 -339.6461518884374 
 .8700864754795248  9.734267056425916D-02 -.483191400663376 
-.4618731715106201 -.1812895091856202 -.8682207595410039 
-.1721124592420266  .9786002852782401 -.1127775821119015 
 .3382039 -.191136  .3369964 -3.048593E-02  .017477  4.179625E-03 
 .1609659  31384.58  685.3217 -231.1885  34.64372125252292 
 
 .1032986111111111  2.826388866537148 
 3020504.218010562 -18156751.53412779  10020462.61517306 
 1892.893789336831  393.6068880221753 -340.5571606344392 
 .870136365233822  9.566613604653153D-02 -.4834363415296763 
-.4618828512360632 -.1837354893655545 -.8677012744497061 
-.1718340409573028  .9783093888752804 -.1156883831970922 
 .3386264 -.1897596  .3343556 -1.696026E-02  1.391976E-02  5.376337E-03 
 .1622341  31360.7  685.3146 -231.0274  34.99982688607788 
 
 .1032986111111111  2.92968747764826 
 3020699.734394697 -18156710.91350764  10020427.38972243 
 1892.566286675873  392.8629340348651 -341.4549256276179 
 .8700727419272211  .0942471674675175 -.4838294071050206 
-.4622153266554846 -.1850354538957447 -.8672478726444699 
-.1712612494407581  .9782021019328997 -.1174318194274658 
 .3390809 -.1886996  .3328935 -7.572338E-03  1.186539E-02  6.843876E-03 
 .1630313  31336.83  685.3007 -230.8406  35.23432918559375 
 
 .1032986111111111  3.032986088759371 
 3020895.216987292 -18156670.37047316  10020392.07196455 
 1892.239539718224  392.1047251419311 -342.344352885607 
 .8699031777603037  9.293679376283354D-02 -.4843874623559211 
-.462839518597536 -.1855471913049514 -.8668055259533388 
-.1704348595414839  .9782305414184971 -.118393270455488 
 .3396525 -.1878313  .3322318 -1.055632E-03  1.112113E-02  8.738399E-03 
 .1635085  31312.99  685.2817 -230.6374  35.38638553514009 
 
 .1032986111111111  3.136284699870482 
 3021090.665622122 -18156629.90618131  10020356.66265215 
 1891.908818668162  391.3383708625133 -343.2275443891097 
 .8695725380120736  9.163589600442708D-02 -.485228259377693 
-.4639525463146143 -.1848640784997683 -.8663563396481939 
-.1690906144746817  .9784825675728184 -.1182380186432317 
 .3405069 -.1871328  .3327687  1.663688E-02  1.049932E-02  1.300864E-02 
 .1638208  31289.17  685.2565 -230.4247  35.47010675574199 
 
 .1032986111111111  3.239583310981593 
 3021286.079770788 -18156589.52139926  10020321.16221441 
 1891.571841205043  390.5653085465372 -344.108661886507 
 .8690791318530295  9.031197785034555D-02 -.4863591360654617 
-.4656102670084954 -.182694001477896 -.8659272377516898 
-.1670584982389731  .9790130992385908 -.1167253600782014 
 .3416651 -.1865791  .3347978  2.891949E-02  1.037779E-02  1.513124E-02 
 .1640491  31265.37  685.2256 -230.2061  35.53152968317148 
 
 .1032986111111111  3.342881922092704 
 3021481.458645646 -18156549.2167978  10020285.57060856 
 1891.225870337534  389.7859666555628 -344.9926817019657 
 .8684962447320258  8.895342022761049D-02 -.487649015087879 
-.467598598331117 -.1794843300206705 -.8655269644071206 
-.1645169405415224  .9797309142345355 -.1142869719960066 
 .3429983 -.1860854  .3378696  3.744664E-02  1.057328E-02  .0165544 
 .1642248  31241.6  685.1893 -229.9847  35.57892161922562 
 
 .1032986111111111  3.446180533203815 
 3021676.801219759 -18156508.99304296  10020249.88736099 
 1890.869009972359  389.0000093514823 -345.8829686337061 
 .8678447140503337  8.754369852719862D-02 -.4890620135965097 
-.4698229274038521 -.1755511312590139 -.8651290176611547 
-.1615919836519381  .9805701918587253 -.1112210845908829 
 .3444764 -.1856167  .3416606  4.336666E-02  1.096569E-02  1.792173E-02 
 .1643901  31217.85  685.1479 -229.7622  35.62319179399526 
 
 .1032986111111111  3.549479144314927 
 3021872.106300524 -18156468.85085771  10020214.11170912 
 1890.499948710471  388.2066698368016 -346.781753361551 
 .8671241877821548  8.607021844535453D-02 -.4905991851398722 
-.4722427176041805 -.1711162858793841 -.8646999666801558 
-.158374425438439  .9814841487276358 -.1077330365460404 
 .3461055 -.1851623  .3459416  4.747671E-02  1.144417E-02  1.938846E-02 
 .164571  31194.12  685.101 -229.5392  35.67103583282152 
 
 .1032986111111111  3.652777755426038 
 3022067.372580376 -18156428.79105316  10020178.24270008 
 1890.117772122363  387.405008290334 -347.6904888923052 
 .8663158845665654  8.451785799943114D-02 -.49229413954143 
-.474893380140305 -.166141526022182 -.8642183004484086 
-.1548323791929984  .982473269361669 -.1037940718115776 
 .3479262 -.1847281  .3507454  5.418162E-02  1.204115E-02  2.152167E-02 
 .1647807  31170.42  685.0488 -229.3155  35.72586871585839 
 
 .1032986111111111  3.756076366537149 
 3022262.598653407 -18156388.81454869  10020142.27922667 
 1889.721490590722  386.5938680937575 -348.6107106343127 
 .8654195661739086  8.288343781917744D-02 -.4941450295395452 
-.477771096930205 -.1605967763144392 -.863680180608261 
-.1509428813209549  .9835339400207207 -9.938428148275544D-02 
 .3499379 -.1843103  .3561003  5.883668E-02  1.264232E-02  2.294703E-02 
 .1650277  31146.74  684.9907 -229.0912  35.78985001972526 
 
 .1032986111111111  3.85937497764826 
 3022457.783007288 -18156348.9223878  10020106.22001863 
 1889.310033281747  385.7720033307914 -349.5440398238384 
 .8644575769242772  8.118147657062752D-02 -.4961075141136441 
-.4807968698746647 -.1546519098955505 -.8630858339032006 
-.1467905569746619  .9846280285607704 -9.465821546805815D-02 
 .3520882 -.183897  .3618364  6.206861E-02  1.317974E-02  2.406045E-02 
 .1653159  31123.08  684.9267 -228.8661  35.86396375224132 
 
 .1032986111111111  3.962673588759371 
 3022652.924032443 -18156309.11572944  10020070.06366486 
 1888.882588215058  384.9384240398346 -350.4915829053829 
 .8634378747243601  7.942573804892301D-02 -.4981632148471661 
-.4839277050422016 -.1484261574292882 -.8624289258155502 
-.1424395057000256  .9857287801044251 -8.972045078894955D-02 
 .3543517 -.1834902  .3678338  6.431253E-02  1.362562E-02  2.504087E-02 
 .1656403  31099.45  684.8563 -228.64  35.94692397066026 
 
 .1032986111111111  4.065972199870482 
 3022848.0200444 -18156269.39581757  10020033.80865745 
 1888.438517236938  384.0924747854979 -351.4541067532377 
 .8623627617365337  7.762906060659013D-02 -.5003041036404522 
-.4871382132285133 -.1420028292192536 -.8617027084245812 
-.1379377699641014  .9868175745511749 -8.464187010141463D-02 
 .3567142 -.1830969  .3740087  6.587051E-02  1.398012E-02  2.594376E-02 
 .1659919  31075.83  684.7797 -228.4127  36.03629137258432 
Send.pos.prep: 120.0625      HUDFlags are 0010001000010000
 
 .1040296052631579  4.17000180513364 
 3023044.449396744 -18156229.48380566  10019997.19579308 
 1887.974011620462  383.2277857649886 -352.4390644505559 
 .861233404940451  7.578470006107063D-02 -.5025273141345954 
-.4904099986023625 -.1354757650779771 -.8608974098853867 
-.1333231243464817  .9878780270424017 -7.951067979398881D-02 
 .3591712 -.1827095  .3802649  .0653272  1.439815E-02  .0264992 
 .1663598  31052.08  684.6961 -228.1827  36.12918695881059 
 
 .1040296052631579  4.274031410396797 
 3023240.829507188 -18156189.66242624  10019960.47963995 
 1887.491827117622  382.3500383506338 -353.4398636986463 
 .8600612990412051  7.390496044744559D-02 -.5048094875423956 
-.4936978117277316 -.1289889025141664 -.8600141473972623 
-.1286741333244705  .9888882241433813 -7.445164580950492D-02 
 .3616981 -.182326  .3864597  6.495113E-02  1.480946E-02  2.722004E-02 
 .1667456  31028.35  684.6058 -227.9515  36.22627240591033 
 
 .1040296052631579  4.378061015659955 
 3023437.158531091 -18156149.93304889  10019923.65856196 
 1886.991857703664  381.459018805618 -354.4562758361686 
 .8588424655054926  .0719916653406312 -.5071556167153521 
-.4970082877846556 -.1225281791032953 -.859051574236958 
-.1239854076809501  .9898505167181111 -6.945194910925968D-02 
 .3642994 -.1819509  .3926069  6.469081E-02  .0151922  2.788429E-02 
 .1671494  31004.65  684.5089 -227.7189  36.32738576516567 
 
 .1040296052631579  4.482090620923112 
 3023633.434611013 -18156110.29706284  10019886.73094408 
 1886.473963416301  380.5545628129949 -355.4881248557607 
 .8575806877315791  7.005028413674849D-02 -.5095569857456498 
-.5003334874197466 -.1160827766061626 -.8580158450412195 
-.1192550434833914  .9907662421922553 -6.450184443882066D-02 
 .3669643 -.1815842  .398719  6.451062E-02  1.553859E-02  2.840537E-02 
 .1675689  30980.96  684.4052 -227.4846  36.43194416003653 
 
