458812372536 -495.3327935191904 
 .6167119907541874 -.1145532051642202 -.7788092729587972 
-.7680917333068893  .1290337658704338 -.6272044136411273 
 .1723409692604246  .9850014469288336 -8.410699285980839D-03 
 .6710693 -.1843157  .5612663  8.852736E-03 -4.351222E-02  2.795531E-02 
 .1497189  28242.96  638.2047 -195.081  28.51304163068239 
 
 8.559283088235294D-02  17.74977531840657 
 3047741.984364842 -18152037.37203623  10014199.14076531 
 1724.459294695419  241.7716973294764 -496.1606794529969 
 .6154675545561392 -.1108216337957683 -.7803321438794647 
-.7694337505295616  .1300661002740739 -.625343516081765 
 .1707963490086809  .985292532724332 -5.218440664953975D-03 
 .6707786 -.1885243  .5620117  9.137547E-03 -3.766166E-02  2.794909E-02 
 .1455508  28226.27  638.1149 -195.7429  27.48801424868349 
 
 8.559283088235294D-02  17.83536814928892 
 3047889.536172665 -18152016.66965076  10014156.63738775 
 1723.301605421826  241.9694118290543 -496.992067687381 
 .6141082319030232 -.107716339808285 -.7818364724462834 
-.7707688488981902  .1311104241791298 -.6234784986186175 
 .1696657333615089  .9854984763102745 -2.508408464857529D-03 
 .6708491 -.1921916  .5627123  9.350109E-03 -2.858944E-02  2.790924E-02 
 .141963  28209.53  638.0427 -196.4667  26.61127689612066 
 
 8.559283088235294D-02  17.92096098017127 
 3048036.989369002 -18151995.94792201  10014114.06274058 
 1722.155095039401  242.2236807651035 -497.8259964508728 
 .612590735358839 -.1055157836013552 -.7833256094138046 
-.7720960466308716  .1321626342792062 -.6216114002150841 
 .1691161900277231  .9855959910183132 -5.067140557048756D-04 
 .6714294 -.1950787  .5633307  9.508704E-03 -.0161553  2.785726E-02 
 .1391243  28192.71  637.9842 -197.2391  25.92433428068967 
 
 8.559283088235294D-02  18.00655381105362 
 3048184.344731732 -18151975.20288556  10014071.41664632 
 1721.01558201209  242.5140298933489 -498.6615323247287 
 .6108915728754595 -.1043720996308932 -.7848044030256108 
-.7734148986457492  .1332208011470757 -.6197431828544098 
 .1692361685412715  .9855753055755649  6.605278949943797D-04 
 .6725991 -.1970555  .5638444  9.626999E-03 -3.486627E-03  2.780878E-02 
 .1372923  28175.81  637.9356 -198.0424  25.48907643799889 
 
 8.559283088235294D-02  18.09214664193598 
 3048331.60266462 -18151954.43243225  10014028.69900281 
 1719.878506177429  242.8175825840443 -499.4978479737629 
 .6090232914952634 -.1042107294390747 -.7862765126124847 
-.7747254547243203  .1342844805029342 -.6178738933619463 
 .1699738221564357  .9854480210370464  1.047671560788103D-03 
 .6743126 -.198187  .5642571  9.715214E-03  7.181112E-03  2.777501E-02 
 .1365887  28158.83  637.8931 -198.8573  25.33335019894129 
 
 8.559283088235294D-02  18.17773947281833 
 3048478.763200592 -18151933.63631284  10013985.90977223 
 1718.739762559509  243.1137551720138 -500.334267295751 
 .6069983235011475 -.1048879898473147 -.7877509408769914 
-.7760204831346174  .1354415854017307 -.6159933333238098 
 .1713045388257659  .9852177863445489  8.175867148558753D-04 
 .6764982 -.1986021  .5646679  1.183137E-02  .0164924  2.804422E-02 
 .136902  28141.78  637.8525 -199.6661  25.42880402306569 
 
 8.559283088235294D-02  18.26333230370068 
 3048625.826042023 -18151912.81588471  10013943.04896647 
 1717.595732228871  243.3855911807319 -501.1703053754042 
 .6048286318234473 -.1062971712417569 -.7892295214401048 
-.7772906135687824  .1367572588036296 -.6140983261843176 
 .1732097808567397  .9848849493979058  9.091227899303458D-05 
 .6790971 -.198394  .5651527  1.340899E-02  2.466148E-02  2.812088E-02 
 .1380554  28124.66  637.8108 -200.4544  25.73193078885897 
 
 8.559283088235294D-02  18.34892513458303 
 3048772.790593953 -18151891.97383891  10013900.11663583 
 1716.443086566263  243.6188828389362 -502.005549365139 
 .60253477043116 -.1083482602920603 -.790703803527688 
-.7785348832991137  .138192338527883 -.6121979361763873 
 .1755997890314842  .9844610363360639 -1.087211211898272D-03 
 .682046 -.197635  .5656848  1.458507E-02  3.182789E-02  2.814222E-02 
 .1399145  28107.46  637.765 -201.2103  26.20984811327653 
 
 8.559283088235294D-02  18.43451796546538 
 3048919.655991736 -18151871.11398336  10013857.11287047 
 1715.278852514152  243.8017419555251 -502.839480733478 
 .6001279244257341 -.1109611214505485 -.7921705017550807 
-.7797563663076359  .1397185081692793 -.6102939846317187 
 .1783997856701885  .9839544542311832 -2.673662552210667D-03 
 .6852966 -.1963931  .5662454  1.546181E-02  3.811515E-02  .0281863 
 .1423651  28090.2  637.7127 -201.9235  26.83457980293874 
 
 .1325577445652174  18.5670757100306 
 3049146.9085177 -18151838.78359425  10013790.37220329 
 1713.453685282495  243.9915471787327 -504.1279718315008 
 .5961905141769333 -.1159636595894728 -.7944238795882588 
-.7816128442580165  .1422142979381038 -.6073355375349474 
 .1834072858322009  .9830195944723519 -5.851870391266798D-03 
 .6908498 -.1936488  .5671393  1.647406E-02  4.665858E-02  2.834097E-02 
 .1453076  28063.33  637.6191 -202.9489  27.59637485211094 
 
 .1325577445652174  18.69963345459582 
 3049373.916320406 -18151806.43934026  10013723.46120289 
 1711.58652568566  244.0109318856245 -505.4094281372129 
 .5920325328400482 -.1217952627787483 -.7966576391547703 
-.7834408078366347  .1448359023370014 -.6043534247528554 
 .1889920121996568  .9819309931756306 -9.671812955309198D-03 
 .6968505 -.1901976  .5680636  1.708753E-02  5.114269E-02  .0286504 
 .1506931  28036.34  637.4963 -203.8296  28.9627114337203 
 
 .1325577445652174  18.83219119916104 
 3049600.673355929 -18151774.10499291  10013656.38101118 
 1709.670169155775  243.8420782329495 -506.6806905126763 
 .5876343815320685 -.1281802011586751 -.7989090496873497 
-.7852180223002992  .1479085187459049 -.6012950420028393 
 .1952395735915923  .9806594241189506 -1.373327311529549D-02 
 .7032118 -.1863053  .5693605  2.292081E-02  5.566462E-02  2.991544E-02 
 .1566622  28009.23  637.3373 -204.5495  30.47548558340535 
 
 .1325577445652174  18.96474894372626 
 3049827.17266127 -18151741.80604062  10013589.1331401 
 1707.697953451508  243.4768996034142 -507.9393348969057 
 .5829968972081585 -.1350673749094485 -.8011687850139504 
-.7868937695019745  .1516231905848308 -.5981710487777276 
 .2022691606860268  .9791665906841105 -1.788782612347501D-02 
 .7099034 -.1820129  .5712355  2.645925E-02  5.943137E-02  3.015889E-02 
 .1629173  27982.04  637.1363 -205.1014  32.06187862681996 
 
 .1325577445652174  19.09730668829148 
 3050053.40633883 -18151709.56888431  10013521.71940026 
 1705.66243981316  242.9097150981111 -509.1832792741676 
 .5781754286515292 -.1423788332150398 -.8033937027111574 
-.7884683906892065  .1557330270676507 -.5950334622223495 
 .2098351033254203  .9774842669489202 -2.222019981323053D-02 
 .7168249 -.1773609  .5734684  2.860687E-02  6.269894E-02  3.043992E-02 
 .169394  27954.78  636.8878 -205.4807  33.70526604724016 
 
 .1325577445652174  19.22986443285669 
 3050279.365571638 -18151677.42047182  10013454.1419159 
 1703.557195738249  242.1379535462011 -510.4098736425699 
 .5731538039217474 -.1500438808215258 -.8055939118923666 
-.7899792167764729  .1600971234924718 -.5918629470668557 
 .2177786814893919  .9756309470683315 -2.677127212685175D-02 
 .723964 -.1724195  .5759183  2.991119E-02  6.550767E-02  3.104345E-02 
 .1759982  27927.48  636.5868 -205.6846  35.38153213903944 
 
 .1325577445652174  19.36242217742191 
 3050505.040743614 -18151645.3879342  10013386.40318873 
 1701.376596953117  241.1614225265824 -511.6160726746031 
 .5679019232761019 -.1579967879506964 -.8077898368613995 
-.7914566315021216  .1646667914680847 -.5886265779243391 
 .22601726923095  .9736127889386347 -3.153301800518333D-02 
 .7313276 -.1672616  .5785316  3.119558E-02  6.793119E-02  3.195553E-02 
 .1826601  27900.16  636.2288 -205.7125  37.07232502091063 
 
 .1325577445652174  19.49497992198713 
 3050730.421532027 -18151613.49828922  10013318.50613298 
 1699.115605935012  239.9820230901207 -512.7986980147157 
 .5624103330654041 -.1661842649339111 -.8099860537994689 
-.7929113987733165  .1694121055979436 -.5853127814871384 
 .2344912172270001  .971433131288636 -3.649027922821232D-02 
 .7389051 -.1619378  .58128  3.197673E-02  7.002379E-02  3.278749E-02 
 .1893213  27872.85  635.8096 -205.565  38.7617919253698 
 
 .1417410714285714  19.6367209934157 
 3050971.07822516 -18151579.58745348  10013245.73390561 
 1696.607182205239  238.5078797194678 -514.0346205444037 
 .5562869723011139 -.1751515959528212 -.8123218099270996 
-.7944427369589203  .1746201999126361 -.5816945276308585 
 .2437325217144317  .9689322495498063 -4.200897095946698D-02 
 .747212 -.1560949  .5843173  3.248512E-02  7.195304E-02  3.358017E-02 
 .1959352  27843.68  635.2931 -205.2225  40.4407854853349 
 
 .1417410714285714  19.77846206484428 
 3051211.372156353 -18151545.90131773  10013172.78894112 
 1693.996949278062  236.8114530762085 -515.2360594049608 
 .5499195675340002 -.1842872236832736 -.8146328549907185 
-.7959459269266538  .1799315908487471 -.5780092594617372 
 .253097907245565  .9662623048643404 -4.773476245007552D-02 
 .7556927 -.1501341  .5874307  3.278106E-02  7.347899E-02  .03426 
 .2029254  27814.58  634.6995 -204.6858  42.20738299230399 
 
 .1417410714285714  19.92020313627285 
 3051451.288614342 -18151512.47082195  10013099.67640219 
 1691.280946120908  234.9007392612906 -516.3991356177112 
 .5433688168176859 -.1935599510299023 -.8168750664988188 
-.7974536826021056  .1850591960026635 -.5743001985714309 
 .2623317613528428  .9634768494012438 -5.379969937987975D-02 
 .7642696 -.1440525  .5903502  2.925047E-02  7.483413E-02  3.406024E-02 
 .2097741  27785.56  634.0262 -203.9607  43.93201803247032 
 
 .1417410714285714  20.06194420770142 
 3051690.812470044 -18151479.32570387  10013026.40205651 
 1688.457238274641  232.7847064522885 -517.5191907920324 
 .5366361671422943 -.20294066665406 -.8190462196560295 
-.7990171730037421  .1898455966537329 -.5705525450616212 
 .2712806321135591  .9606111259241126 -6.027506442032109D-02 
 .7729344 -.1378745  .5929136  2.719118E-02  7.597165E-02  3.480026E-02 
 .2164523  27756.66  633.2712 -203.0529  45.60544683473013 
 
 .1417410714285714  20.20368527913 
 3051929.928429735 -18151446.49439536  10012952.97236814 
 1685.52543704554  230.4728121293305 -518.591057693656 
 .5296856031596711 -.2123945871399645 -.8211709329725567 
-.8006253064289827  .1944627614247638 -.5667304060349594 
 .2800576378370524  .9576391667912799 -6.704435633542061D-02 
 .7817202 -.1316475  .5952845  2.598882E-02  7.697258E-02  3.534748E-02 
 .2229462  27727.9  632.4333 -201.9682  47.22223875391802 
 
 .1417410714285714  20.34542635055857 
 3052168.621135583 -18151414.00393109  10012879.39448173 
 1682.485026573232  227.975313636638 -519.6103002710702 
 .5225549231054132 -.2219090811539301 -.8232209375615479 
-.8022308154409398  .1989967293171176 -.5628730056398615 
 .2887249055680114  .9545452642083064 -7.403558254133238D-02 
 .7905849 -.1253635  .5975677  2.528608E-02  .0778341  3.549876E-02 
 .2292432  27699.3  631.5115 -200.7135  48.77750167215819 
 
 .1417410714285714  20.48716742198714 
 3052406.875158115 -18151381.87985436  10012805.67612923 
 1679.335511830139  225.3029973124564 -520.5730672698833 
 .5153701994494426 -.2314950592047474 -.8251082323448433 
-.8038751452762054  .2030350841755734 -.5590720037714055 
 .2969483260208718  .9514130502350729 -8.145489252214097D-02 
 .7993962 -.1189518  .5993834  1.843899E-02  7.858011E-02  3.390748E-02 
 .2353372  27670.9  630.5057 -199.2964  50.26803893190969 
 
 .1417410714285714  20.62890849341571 
 3052644.675191909 -18151350.14620695  10012731.82568303 
 1676.079138239065  222.466263827064 -521.474173499977 
 .5081265345182655 -.2411345568093929 -.8268382855376228 
-.8056495668854581  .2063610992161266 -.5552871978603352 
 .3045261898355026  .9482980661388312 -8.941240105053441D-02 
 .8081607 -.1124315  .600498  1.442882E-02  7.919279E-02  3.429281E-02 
 .2412272  27642.7  629.4161 -197.7231  51.69207999791813 
sent           142.3086      461 
 
 .1417410714285714  20.77064956484429 
 3052882.00639819 -18151318.82557991  10012657.85231007 
 1672.72024488354  219.4751823027167 -522.3075930611635 
 .500729156755688 -.2507918090640417 -.828476783067047 
-.8075339770540796  .2093104980541554 -.5514326715996613 
 .3117036853775644  .945141568184737 -9.771503779530326D-02 
 .8169801 -.1058793  .6012197  1.207775E-02  7.975034E-02  3.452251E-02 
 .2469136  27614.74  628.2433 -195.9987  53.04828886503667 
 
 .1417410714285714  20.91239063627286 
 3053118.854470843 -18151287.93910547  10012583.76593308 
 1669.262008610759  216.3402680811823 -523.0686870601781 
 .4932263261102323 -.2604697004703878 -.8299899555829993 
-.8094486308109369  .2120494667169209 -.5475654643450099 
 .3186231399476491  .9419079354172217 -.10624846299107 
 .8258082 -9.926909E-02  .6017419  1.069798E-02  8.023181E-02  3.416402E-02 
 .2523971  27587.04  626.9879 -194.1298  54.33572638778081 
 
 .1417410714285714  21.05413170770143 
 3053355.205502765 -18151257.50641192  10012509.57706142 
 1665.706882758324  213.0722266093408 -523.7538169463462 
 .4858318040511984 -.2702136972935608 -.8312352350371716 
-.8114765478846525  .2139201024599034 -.5438235026152778 
 .324766485964242  .9387346523690737 -.1153428889700158 
 .83443 -9.246147E-02  .6014576 -5.626802E-04  8.065242E-02  3.076372E-02 
 .2576827  27559.6  625.6514 -192.1235  55.55452832968984 
 
 .1417410714285714  21.19587277913001 
 3053591.046236129 -18151227.54570791  10012435.2968918 
 1662.061575415421  209.6803842812201 -524.3569228348605 
 .4785293122250156 -.2800110682688075 -.832228033046481 
-.8137731584980943  .2145852286367847 -.5401170485727437 
 .3298225945102698  .9357066748174117 -.1251801695663254 
 .8428693 -8.547737E-02  .5999931 -7.184324E-03  8.097292E-02  3.090018E-02 
 .2627804  27532.47  624.2351 -189.984  56.70646165870247 
 
 .1417410714285714  21.33761385055858 
 3053826.364580997 -18151198.07395204  10012360.93758831 
 1658.335857691949  206.1730529436369 -524.870414627468 
 .4711400417902776 -.2898108402049131 -.8330886735045542 
-.8162924694089444  .2146010969018098 -.5362956028113459 
 .3342060223995073  .932714343252134 -.1354632366497921 
 .8513166 -7.844487E-02  .5978525 -1.108184E-02  8.128604E-02  .0308385 
 .2676986  27505.64  622.7404 -187.7135  57.79291906594072 
 
 .1417410714285714  21.47935492198715 
 3054061.149641046 -18151169.10688084  10012286.51222743 
 1654.536800632453  202.5591643374713 -525.2890082557167 
 .4637403360564226 -.2996310367202354 -.8337662397508265 
-.8188966464115196  .2142330185598776 -.5324589150861191 
 .3381614750533237  .9296910538413701 -.146018359109669 
 .8597012 -7.131249E-02  .5953496 -1.337811E-02  8.155929E-02  2.978718E-02 
 .2724424  27479.15  621.1689 -185.3161  58.81467194605341 
 
 .1417410714285714  21.62109599341573 
 3054295.391394037 -18151140.65895014  10012212.0345237 
 1650.6696667695  198.8478579140366 -525.6089844415752 
 .456565757817017 -.3095283704879673 -.8341102425051714 
-.8216077126617634  .2130004522501747 -.5287641949261727 
 .3413333785079844  .9267270338153958 -.1570621835835742 
 .8677909 -6.392438E-02  .592073 -2.334178E-02  8.180419E-02  2.578378E-02 
 .2770215  27453  619.5225 -182.7973  59.77362233208068 
 
 .1565290178571428  21.77762501127287 
 3054553.429692473 -18151109.86199091  10012129.74279667 
 1646.333048370042  194.6505445074771 -525.8475206714448 
 .4491530182116539 -.3198442109919212 -.8342429184154435 
-.8248470193030832  .2103825406174128 -.5247538292858649 
 .3433496191612527  .9238175508715534 -.1693285909806868 
 .8759829 -5.610966E-02  .5872948 -2.983641E-02  .0724118  2.485908E-02 
 .2814483  27424.55  617.6257 -179.8851  60.67453869669926 
 
 .1565290178571428  21.93415402913001 
 3054810.785547568 -18151079.7278513  10012047.42347782 
 1641.949962899597  190.3788898783018 -525.9615301957832 
 .4423693778479018 -.328707971714614 -.8344221970164288 
-.8282711275121085  .2070467097807761 -.5206712967878798 
 .3439131763574597  .9214568515672433 -.1806681981631055 
 .8831653 -4.948842E-02  .5818604 -3.339719E-02  6.158883E-02  2.401342E-02 
 .285428  27396.58  615.656 -176.8559  61.39846032052061 
 
 .1565290178571428  22.09068304698715 
 3055067.454657407 -18151050.26320083  10011965.09462818 
 1637.558378139425  186.0963588947917 -525.9692972331682 
 .4363383279265885 -.3359903238894915 -.8346971701370878 
-.8317308831378331  .2032934213378921 -.516619321043543 
 .3432675365032144  .9196642251894797 -.190748817269323 
 .8892215 -4.417669E-02  .5761068 -3.535227E-02  5.001939E-02  2.237893E-02 
 .2876727  27369.1  613.6465 -173.7678  61.64370180156284 
 
 .1565290178571428  22.24721206484429 
 3055323.438517375 -18151021.46476028  10011882.7709947 
 1633.194399487721  181.8666033563578 -525.8948824286657 
 .4314435345037759 -.3412870081422332 -.8350926024149724 
-.8352415938338889  .1987028172464712 -.5127267014191256 
 .3409222146835118  .918716696534702 -.1993280588468439 
 .8937017 -4.047962E-02  .5696738 -4.347795E-02  .0327258  1.849183E-02 
 .28812  27342.11  611.6318 -170.6824  61.40231078383958 
 
 .1565290178571428  22.40374108270144 
 3055578.744945434 -18150993.31852357  10011800.46303879 
 1628.902706265489  177.7630308723688 -525.7689820298895 
 .4277715273243 -.3441957764249383 -.8357875255720609 
-.8388954203012575  .1931035589228068 -.5088865191070787 
 .3365501362474966  .9188254910605045 -.2061400561977503 
 .8964701 -3.881805E-02  .5623471 -4.794754E-02  1.564471E-02  1.786389E-02 
 .2863776  27315.62  609.6539 -167.6713  60.5860148151874 
 
 .1565290178571428  22.56027010055858 
 3055833.389102824 -18150965.7985071  10011718.17599628 
 1624.732445549964  173.8652721962276 -525.6276681241665 
 .4250027085856066 -.3449125403929262 -.8369038398613037 
-.8426398350388496  .1869753218011258 -.5049736007387537 
 .330652092236832  .9198236616423067 -.2111720279353831 
 .8979284 -3.912659E-02  .5545384 -5.040682E-02  1.736225E-03  1.730433E-02 
 .2821493  27289.6  607.7579 -164.8136  59.14165613718802 
 
 .1565290178571428  22.71679911841572 
 3056087.392785876 -18150938.86754765  10011635.90971643 
 1620.71924806867  170.2365412814682 -525.5036936594382 
 .4230096798777851 -.3437959561277371 -.8383717261930459 
-.846369030119229  .1805189054080288 -.5010712420857134 
 .323608213098379  .9215298504880347 -.2146170055582084 
 .8982931 -4.107955E-02  .546478 -5.175937E-02 -1.039964E-02  1.629234E-02 
 .2758458  27264.02  605.9786 -162.1745  57.20027201298215 
 
 .1565290178571428  22.87332813627286 
 3056340.78238189 -18150912.48059369  10011553.65916378 
 1616.886142715185  166.9144141523369 -525.4267187217868 
 .421761460985314 -.3410987324657249 -.8401005444218019 
-.8500577261285442  .1736155538558718 -.4972519499292937 
 .3154665311514028  .9238556673905249 -.2167292632611169 
 .8976459 -4.441931E-02  .5380822 -.0552514 -2.093863E-02  1.449587E-02 
 .2679732  27238.85  604.3424 -159.7973  54.9444160546585 
 
 .1565290178571428  23.02985715413001 
 3056593.587231784 -18150886.58717174  10011471.41545499 
 1613.247839530463  163.9305921285683 -525.4162485551147 
 .4211120970661839 -.337029135904295 -.8420664838693699 
-.8537265990430186  .1662309329164052 -.4934756032755617 
 .3062931533530557  .9267031015882828 -.2177288812162866 
 .8961794 -.0489758  .5293038 -5.716684E-02 -2.992676E-02  1.407556E-02 
 .2588729  27214.03  602.8631 -157.7166  52.44134890653776 
 
 .1565290178571428  23.18638617198715 
 3056845.838429234 -18150861.13265019  10011389.16716444 
 1609.81202378213  161.3065032080827 -525.48526067094 
 .4208526720807986 -.3317580477475303 -.8442864597736941 
-.8573591294064741  .1585786122558364 -.4896816792145515 
 .2963416130512576  .9299405472877057 -.2176975582876814 
 .8941424 -5.464023E-02  .5203295 -5.821552E-02 -3.764731E-02  1.394777E-02 
 .2488576  27189.53  601.5458 -155.9562  49.77658159727976 
 
 .1565290178571428  23.34291518984429 
 3057097.567737726 -18150836.0597471  10011306.90113848 
 1606.579568515529  159.0545830022849 -525.6428571609009 
 .4208795302008714 -.3254446368733979 -.8467267619416753 
-.8609246886116059  .1507576570502956 -.4858814766789448 
 .2857780635333999  .9334655415016908 -.2167325107870357 
 .891668 -6.127464E-02  .5112646 -5.878844E-02 -4.425888E-02  1.381912E-02 
 .2381936  27165.28  600.3906 -154.531  47.0233120963116 
 
 .1565290178571428  23.49944420770143 
 3057348.806687865 -18150811.30972203  10011224.60307813 
 1603.546625052919  157.181031389052 -525.894569789264 
 .4210215352674964 -.3182123355143077 -.8494008337454871 
-.8643150942655833  .1433081897714951 -.4821018363054534 
 .2751368471609593  .9371252169645975 -.2146998906925207 
 .8889521 -6.880471E-02  .5026466 -5.291282E-02 -4.992572E-02  1.515205E-02 
 .2270955  27141.24  599.3934 -153.4494  44.23343144588389 
 
 .1565290178571428  23.65597322555858 
 3057599.585746118 -18150786.82319761  10011142.25793749 
 1600.703445457694  155.6877868185865 -526.2444109058498 
 .4212408151924449 -.3101865495272899 -.8522561118046368 
-.8674511551790783  .1364990373441478 -.4784312972440254 
 .2647350921099887  .9408253383580144 -.2115727149446281 
 .8860496 -7.710359E-02  .4947726 -4.971729E-02 -5.477842E-02  1.471141E-02 
 .2157369  27117.34  598.5471 -152.7167  41.44522439508427 
 
 .1565290178571428  23.81250224341572 
 3057849.933611426 -18150762.54076559  10011059.85019809 
 1598.037193628665  154.5733053802744 -526.6944055125712 
 .421583787600875 -.3014866792707718 -.8552034215637716 
-.870388071197343  .1299934102568092 -.4748961136997979 
 .2543456615503133  .9445673589067561 -.2076072950029599 
 .8829262 -8.601987E-02  .4873261 -4.798331E-02 -5.893268E-02  1.467854E-02 
 .2042589  27093.54  597.8433 -152.3342  38.68684691824213 
 
 .1565290178571428  23.96903126127286 
 3058099.877046115 -18150738.40350844  10010977.36428261 
 1595.535961181286  153.8328609533396 -527.2432810198012 
 .421936112933895 -.2921897277881905 -.858251175109768 
-.8732139086460347  .1236517955510014 -.4713891207952572 
 .2438593577235604  .9483329565253301 -.2029709762960614 
 .8797085 -.0955094  .480126 -4.704449E-02 -.0625028  1.533963E-02 
 .1927777  27069.78  597.2718 -152.2989  35.97952471250429 
 
 .1565290178571428  24.12556027913 
 3058349.440982426 -18150714.35341924  10010894.78498391 
 1593.188273180065  153.4595443427398 -527.8875800774042 
 .4220413976735515 -.282340595002293 -.8614898995713793 
-.875831611991471  .1183943983972845 -.4678693769254022 
 .2340940966495606  .9519803332222223 -.197315481075181 
 .8766668 -.1056166  .47404 -3.394856E-02 -6.556887E-02  1.855521E-02 
 .1813851  27046  596.8226 -152.6049  33.3381549404108 
 
 .1565290178571428  24.28208929698715 
 3058598.648260301 -18150690.33363187  10010812.09757606 
 1590.978870860867  153.4456889011032 -528.6246114293474 
 .4219218894643759 -.2720151054820001 -.8648639786581623 
-.878138015750496  .1146665687499288 -.4644622732848138 
 .2255117391281213  .9554367380422063 -.1904864696367596 
 .873785 -.1162481  .469548 -.0268873 -6.817804E-02  1.857453E-02 
 .1701474  27022.15  596.4854 -153.2466  30.77109528563845 
 
 .1565290178571428  24.43861831484429 
 3058847.519253999 -18150666.28854618  10010729.28778287 
 1588.89150850861  153.782785672488 -529.4513201895269 
 .4216380154060095 -.2619173940218759 -.8681132775584475 
-.8802233244624001  .1117109653272617 -.4612239795348991 
 .217780355029647  .9586031185712041 -.1834442095807886 
 .8711538 -.1266581  .4659075 -2.308705E-02 -6.218542E-02  1.868991E-02 
 .1591174  26998.18  596.25 -154.2173  28.28744299028313 
 
 .1565290178571428  24.59514733270143 
 3059096.07168511 -18150642.16563462  10010646.34240876 
 1586.908538205543  154.4400842440866 -530.3569536461619 
 .421004546508178 -.2526820158604576 -.8711526678373531 
-.8822141192064078  .109173994004394 -.458016688457951 
 .2108397962726732  .9613702917678604 -.1769568942253276 
 .8691168 -.136278  .4626746 -2.104558E-02 -.0562948  1.952996E-02 
 .1489848  26974.03  596.1026 -155.4879  26.03666186170373 
 
 .1565290178571428  24.75167635055857 
 3059344.320405649 -18150617.91870257  10010563.25027841 
 1585.01094276096  155.3674183509052 -531.3264515847819 
 .4198004389519794 -.2445047608442256 -.8740623624091318 
-.8840383493627975  .1079285896918551 -.4547830432008485 
 .2055329372913813  .9636227692679497 -.1708431158599668 
 .8679559 -.1450059  .4606402 -6.479072E-03 -4.748756E-02  2.247921E-02 
 .1403576  26949.65  596.0275 -157.0106  24.14485791190867 
 
 .1299342105263158  24.88161056108489 
 3059550.16871572 -18150597.66941414  10010494.15779182 
 1583.489627453803  156.3178315220502 -532.1730888609281 
 .4183934292712146 -.2385962536696416 -.8763667988219797 
-.885349870103917  .1082380062759921 -.4521505739290537 
 .2027376281050151  .9650680606735502 -.1659550915704076 
 .8676526 -.1514952  .4602285 -3.380346E-06 -4.175937E-02  2.261468E-02 
 .1333597  26929.22  596.0126 -158.4433  22.63182517187289 
 
 .1299342105263158  25.0115447716112 
 3059755.821463114 -18150577.28915868  10010424.95344107 
 1582.000762808615  157.3833158279518 -533.0483099106 
 .4167949398849127 -.2334564189610281 -.8785101470855212 
-.8865246345589497  .109188358204086 -.4496131389904147 
 .2008881539724273  .9662173683382979 -.1614557113110629 
 .8677489 -.1572672  .4604368  3.972901E-03 -3.507854E-02  2.264984E-02 
 .1288095  26908.59  596.0311 -159.9845  21.66132811113452 
 
 .1299342105263158  25.14147898213752 
 3059961.282327301 -18150556.7647575  10010355.63386003 
 1580.53608341995  158.536580844104 -533.9467603589912 
 .4150154949399061 -.22902333005798 -.8805171510248608 
-.887621543049398  .110532431952589 -.4471136072646961 
 .1997251493287394  .9671250672874717 -.1574133696666613 
 .8682169 -.1623848  .4610022  6.413185E-03 -3.033784E-02  2.297278E-02 
 .125263  26887.74  596.0782 -161.6094  20.91780765380973 
 
 .1299342105263158  25.27141319266383 
 3060166.554027564 -18150536.08638269  10010286.19632856 
 1579.089075052147  159.7533402198354 -534.8638505310917 
 .4130090803995899 -.225141263487497 -.8824595803677004 
-.8886168252994732  .1125909283799873 -.4446160373189604 
 .1994583598202082  .967798891465465 -.1535632390126179 
 .8690648 -.167025  .4622269  1.511924E-02 -2.599043E-02  .0244134 
 .1226075  26866.68  596.1499 -163.2957  20.37431693454597 
 
 .1299342105263158  25.40134740319015 
 3060371.638484434 -18150515.24700727  10010216.63861561 
 1577.653957281646  161.014767467733 -535.7966425181945 
 .4107309101183023 -.2219910100762836 -.8843190097010818 
-.8894756376112897  .1155502543039506 -.4421325919068614 
 .2003327471218271  .9681777368725231 -.1499955341169144 
 .8703829 -.1710254  .4642803  2.045847E-02 -1.833901E-02  2.493252E-02 
 .1206456  26845.39  596.2435 -165.0265  19.98814672866956 
 
 .1299342105263158  25.53128161371646 
 3060576.536791334 -18150494.2423171  10010146.95888875 
 1576.223779299969  162.2979319505825 -536.7419379444869 
 .4081501951452681 -.2200482590003566 -.8859978453211897 
-.8902338886243168  .1190539392107603 -.4396700843851273 
 .2022301702212205  .9681967378943751 -.1473025287732143 
 .8723199 -.1739239  .4667797  2.373205E-02 -6.531194E-03  .0252813 
 .1195297  26823.86  596.3558 -166.7814  19.79478012960535 
 
 .1299342105263158  25.66121582424278 
 3060781.249018226 -18150473.07177115  10010077.1558709 
 1574.789738438251  163.5676866110092 -537.6943875445111 
 .4052050177656613 -.2196210176261641 -.887454507112549 
-.8909267677927871  .1228935057929998 -.437203248688982 
 .2050814179973989  .9678139257371484 -.145869178174905 
 .8750113 -.1754366  .4694821  2.573867E-02  6.029095E-03  2.571709E-02 
 .1197036  26802.09  596.4817 -168.5286  19.89235294279546 
 
 .1299342105263158  25.79115003476909 
 3060985.774002358 -18150451.73985721  10010007.22906424 
 1573.341662885419  164.7817735798601 -538.6473453707727 
 .401860816268881 -.2206232589676182 -.8887256393005747 
-.8915338418810597  .1272358629172286 -.4347165098871938 
 .2089863467514157  .9670245150926692 -.1455619939451284 
 .8784595 -.1756612  .4725453  3.144978E-02  1.660387E-02  2.680215E-02 
 .1214245  26780.09  596.6153 -170.23  20.33677639064248 
 
 .1339285714285714  25.92507860619767 
 3061196.387777968 -18150429.59354123  10009935.02339434 
 1571.824052884713  165.9365449643468 -539.6239917111074 
 .3980275648791683 -.2229190299642736 -.8898770497524622 
-.8920404391010242  .1323376342989431 -.432146509365294 
 .2140979042513219  .965812537000811 -.1461787630514275 
 .882699 -.1747621  .4762006  3.505738E-02  2.600939E-02  2.734506E-02 
 .1245371  26757.17  596.7545 -171.901  21.09537202776848 
 
 .1339285714285714  26.05900717762624 
 3061406.795878883 -18150407.30139115  10009862.68768822 
 1570.270254115902  166.9595629769104 -540.5892197057534 
 .3938672663165521 -.2262968031954102 -.8908750380316329 
-.8924508162244525  .1378294819219337 -.429574876515651 
 .2200002662376378  .9642576371368109 -.1476722454583102 
 .8875003 -.1728858  .4801428  3.722554E-02  3.383047E-02  2.784053E-02 
 .1288977  26734.02  596.8885 -173.4577  22.13741591493226 
 
 .1339285714285714  26.19293574905481 
 3061616.992841252 -18150384.88274539  10009790.22383318 
 1568.671050586961  167.8255470738521 -541.5376822251848 
 .389397356062073 -.2305772181622727 -.8917420285914611 
-.8927926337035975  .1435659774482823 -.4269778955916925 
 .2264751913487608  .9624047779307121 -.1499534298363168 
 .8927866 -.1701991  .4842366  .0385289  4.057926E-02  2.848354E-02 
 .1341638  26710.67  597.0105 -174.8771  23.38735560805803 
 
 .1339285714285714  26.32686432048338 
 3061826.972036221 -18150362.35990107  10009717.63442136 
 1567.018260950005  168.5155947853182 -542.4642009899998 
 .3845996594061666 -.2356175256753889 -.8925062932995306 
-.8930614396490889  .1496056526744111 -.4243340826515791 
 .2335045331391966  .960261698852176 -.1528826436224039 
 .8985298 -.1668451  .4885431  .0414451  4.637461E-02  2.954936E-02 
 .1401124  26687.13  597.1136 -176.1414  24.79671680362371 
 
 .1339285714285714  26.46079289191196 
 3062036.725759893 -18150339.75734976  10009644.92272162 
 1565.304012555628  169.0158381416784 -543.3638484183659 
 .379480471100877 -.2412958805392481 -.8931802002327667 
-.8932438375399836  .1559805105710497 -.4216462107250996 
 .2410601973572095  .9578342123545076 -.1563445006814109 
 .9046831 -.1629366  .4931067  4.319948E-02  5.136523E-02  3.030783E-02 
 .1465726  26663.43  597.1915 -177.2376  26.3281246834768 
 
 .1339285714285714  26.59472146334053 
 3062246.245273485 -18150317.10114987  10009572.09264692 
 1563.520723760886  169.3167467700509 -544.2319337281514 
 .3740710337485387 -.2475109676399453 -.8937612559337293 
-.8933522566607756  .1625667991538608 -.4189197791128571 
 .2489831464766163  .9551493897348218 -.1603029508767624 
 .9111809 -.158558  .4978205  4.425547E-02  5.565062E-02  3.103279E-02 
 .1534004  26639.59  597.2375 -178.156  27.94961639552249 
 
 .1339285714285714  26.7286500347691 
 3062455.520874854 -18150294.41839506  10009499.14873755 
 1561.661590008582  169.4123916577151 -545.0637795416581 
 .3683803011382314 -.2541718813413555 -.8942553374001754 
-.8933992126298633  .1692943616446376 -.4161457268646066 
 .2571649288018156  .9522269025031411 -.1647122507393627 
 .9179857 -.1537913  .5026218  4.489145E-02  5.933512E-02  3.180821E-02 
 .1604757  26615.63  597.2454 -178.8905  29.63415404576116 
 
 .1339285714285714  26.86257860619768 
 3062664.541914384 -18150271.73614202  10009426.09658836 
 1559.719266977034  169.3092537876768 -545.8483149905411 
 .3624687427467277 -.261029820776652 -.8946953912907538 
-.8934063454021273  .1760612798604207 -.4133128690582019 
 .2654081998108163  .9491395357897676 -.1693889874636553 
 .9249787 -.1488622  .5074278  4.434159E-02  5.980544E-02  .0324596 
 .1676985  26591.59  597.202 -179.4424  31.30240033685208 
 
 .1339285714285714  26.99650717762625 
 3062873.297023609 -18150249.08070819  10009352.94274466 
 1557.690364116146  169.011891363125 -546.5824176968723 
 .3564048935308113 -.2678079630026614 -.8951281734029243 
-.8933909105038796  .1828088241075058 -.4104066457277182 
 .2735474966003832  .9459703107290377 -.1741032404146094 
 .9320264 -.1440256  .5121967  4.400995E-02  5.920686E-02  3.329398E-02 
 .1748213  26567.49  597.1035 -179.8147  32.9506336192207 
 
 .1339285714285714  27.13043574905482 
 3063081.77461834 -18150226.47756879  10009279.69381748 
 1555.575050537243  168.5283237282043 -547.268228096015 
 .3502651269204505 -.2742183356514873 -.8956107666033991 
-.893349784433505  .189562832826992 -.4074212746816406 
 .2814968978799012  .9427991497679291 -.1785756413424252 
 .9389883 -.1395495  .5169719  4.380977E-02  5.517641E-02  3.407844E-02 
 .1815631  26543.35  596.9521 -180.0153  34.53944019053635 
 
 .1339285714285714  27.26436432048339 
 3063289.963311217 -18150203.95026122  10009206.35615931 
 1553.376096422424  167.8794692864364 -547.9074673204293 
 .3441300822148406 -.2800519068074619 -.8961838070442418 
-.8932753637664325  .1963338223691697 -.4043663619564019 
 .2891947630970372  .9396935456240039 -.1825990944934633 
 .9457449 -.1356236  .5217814  4.368883E-02  5.121779E-02  3.474205E-02 
 .1876351  26519.21  596.7497 -180.0627  35.97225925925565 
 
 .1339285714285714  27.39829289191197 
 3063497.852255926 -18150181.51905789  10009132.93579714 
 1551.098811232652  167.0931671553503 -548.5032743653962 
 .3380574161244366 -.285371854107731 -.8968166413968826 
-.8932220054131645  .2028567647465581 -.4012525165556484 
 .2964314970595242  .9367027478766523 -.1863231860809973 
 .9522642 -.1321683  .5263642  3.958786E-02  4.793652E-02  3.449028E-02 
 .1928462  26495.06  596.4999 -179.9819  37.19392184312489 
 
 .1339285714285714  27.53222146334054 
 3063705.431406071 -18150159.20091244  10009059.43823868 
 1548.749830929172  166.1911382876561 -549.0602653197656 
 .3320428870437642 -.2902504220806501 -.8974977513318046 
-.8932414929424418  .208982050767409 -.3980529333430448 
 .3030959525457183  .933852876495569 -.1898727168693577 
 .9585758 -.1291149  .5305544  3.710617E-02  4.503539E-02  3.504027E-02 
 .1972953  26470.94  596.2086 -179.7928  38.24285336346941 
 
 .1339285714285714  27.66615003476911 
 3063912.691621976 -18150137.01000421  10008985.86848429 
 1546.336059911077  165.1930911904231 -549.5814001793671 
 .3260346116726079 -.294732865440318 -.8982393723394843 
-.8933048528289035  .2148872844121292 -.3947529542768599 
 .3093668888291369  .9311047164671201 -.1932256066593154 
 .9647517 -.126437  .5345134  3.560336E-02  4.256722E-02  3.552562E-02 
 .2010922  26446.86  595.8805 -179.5129  39.13488914235687 
 
 .1339285714285714  27.80007860619769 
 3064119.624617926 -18150114.95804287  10008912.23113587 
 1543.863346280996  164.1161982502719 -550.0696696714976 
 .3200251821346468 -.2989367598008842 -.8990109545714302 
-.8933750328627159  .2206633429155384 -.3913933312549892 
 .3153806168064616  .9284096632053567 -.1964448111040045 
 .9708315 -.1240179  .5383387  3.469277E-02  4.142269E-02  3.569992E-02 
 .2043255  26422.82  595.5198 -179.1577  39.89043472947393 
 
 .1294642857142857  27.92954289191197 
 3064319.341640714 -18150093.78265297  10008840.98793617 
 1541.420316105588  163.0070664414535 -550.5149324505437 
 .3142954995187579 -.3028331930473874 -.8997279567574734 
-.8935167248131305  .2258003530313926 -.3881263493375731 
 .3206964319437741  .9259083419861915 -.1996184880688917 
 .9765579 -.1218007  .541602  2.838022E-02  4.020121E-02  3.443007E-02 
 .2071423  26399.63  595.1458 -178.7504  40.57019673246599 
 
 .1294642857142857  28.05900717762626 
 3064518.739369147 -18150072.75447882  10008769.68875483 
 1538.930798992748  161.8419687040079 -550.9344897176168 
 .3086352294615621 -.3066380747015832 -.9003984597268673 
-.893801334596402  .2303091658389144 -.3848075654197448 
 .3253666691732522  .9235425162242861 -.202991998160553 
 .982165 -.1196314  .5442311  .0244689  4.019747E-02  3.444943E-02 
 .20956  26376.5  594.7493 -178.2891  41.14682362524417 
 
 .1294642857142857  28.18847146334054 
 3064717.812084265 -18150051.88017113  10008698.33708331 
 1536.399420756188  160.6300948886173 -551.3258151215701 
 .3029173790724894 -.3104761496342313 -.9010247621259672 
-.8941827827647206  .2344516078457896 -.381404764765284 
 .3296637870057782  .9212149608461766 -.2066029608940361 
 .9878135 -.1174211  .5464581  2.204456E-02  .0413372  3.456978E-02 
 .2117719  26353.43  594.3291 -177.7801  41.65173635710615 
 
 .1294642857142857  28.31793574905483 
 3064916.554491504 -18150031.16568698  10008626.93666592 
 1533.828111770931  159.372970553312 -551.6875294239554 
 .2971348531009981 -.3144035889845578 -.9015881888679981 
-.8946097121824022  .2383694340317602 -.3779596219019895 
 .3337429279274165  .9188745268822092 -.2104406374857954 
 .9935231 -.1151128  .5484375  2.054145E-02  4.220594E-02  .0344039 
 .2139473  26330.43  593.8855 -177.2236  42.14479931479384 
 
 .1294642857142857  28.44740003476911 
 3065114.961459488 -18150010.61716671  10008555.49125943 
 1531.217462596658  158.0662392287132 -552.0208190378979 
 .2913192073305878 -.3185602786653898 -.9020268667267659 
-.8951047658837366  .2419156782906542 -.3745187080632832 
 .3375212253066405  .9165130405257734 -.2146701400141679 
 .9992875 -.1125503  .5500381  1.605961E-02  4.535677E-02  3.322544E-02 
 .2161453  26307.5  593.421 -176.6164  42.66737186604801 
 
 .1294642857142857  28.57686432048339 
 3065313.027877539 -18149990.2412519  10008484.00475745 
 1528.567202470791  156.7065135767072 -552.3223839900625 
 .2853831538743805 -.323215996149135 -.9022681837004083 
-.8956967015439027  .2450125189155604 -.3710744998218309 
 .3410042145312598  .9140570471299758 -.2195810562501792 
 1.005248 -.1094767  .5511638  1.327935E-02  5.071307E-02  3.285567E-02 
 .2184905  26284.65  592.9333 -175.9539  43.2230691128668 
 
 .1294642857142857  28.70632860619768 
 3065510.748414201 -18149970.04551558  10008412.48169579 
 1525.874191486581  155.282792345767 -552.5856029961348 
 .2793070355789686 -.3282542652412081 -.9023506620084252 
-.8963459496095222  .247845884846453 -.3676089715761566 
 .3443131111280683  .9114941331218922 -.2250042817140986 
 1.011399 -.1060152  .5519981  1.155428E-02  5.215988E-02  3.262389E-02 
 .2212687  26261.89  592.4175 -175.2241  43.87844570728095 
 
 .1294642857142857  28.83579289191196 
 3065708.117377829 -18149950.03841477  10008340.92755523 
 1523.136005246402  153.792420289136 -552.8024994533187 
 .2733654504400692 -.3329341766042642 -.9024556302414752 
-.8970178122917971  .2505209215277517 -.3641405117645126 
 .3473188375785758  .9090622101516062 -.2301641221766341 
 1.017318 -.1028582  .5526992  .0104836  4.497735E-02  3.232842E-02 
 .2243492  26239.23  591.8664 -174.4211  44.57259577965744 
 
 .1294642857142857  28.96525717762625 
 3065905.129344494 -18149930.22789969  10008269.34790879 
 1520.359203918389  152.2458815827976 -552.9796249262154 
 .2678362225401802 -.3368198835853883 -.9026716589751402 
-.8978120564046357  .2526765994669563 -.3606772067324068 
 .3495672600085469  .9070319190102061 -.2347250063942411 
 1.022646 -.1003864  .5529414  3.213978E-03  3.849059E-02  3.047038E-02 
 .2269139  26216.69  591.2881 -173.5562  45.1618583896722 
 
 .1294642857142857  29.09472146334053 
 3066101.78025588 -18149910.61949727  10008197.74732162 
 1517.558323701016  150.6701282904941 -553.1259974718579 
 .2629681788339427 -.3392754508059487 -.9031832069968856 
-.8988155773160366  .2541119533973921 -.3571521708104236 
 .3506826127637296  .9057147915436615 -.2381227025804608 
 1.02702 -9.920496E-02  .5525307 -1.303017E-03  2.035069E-02  3.031343E-02 
 .2284718  26194.26  590.6933 -172.6548  45.50171826899152 
 
 .1294642857142857  29.22418574905482 
 3066298.068536055 -18149891.2141948  10008126.1286913 
 1514.757176938851  149.1083374590523 -553.2583606312356 
 .258629419493227 -.3403654473626117 -.9040255447797063 
-.8999635080328282  .2551240043253962 -.3535214655805461 
