main           16.21094      102           1.999999955296516D-02 
main           61.25         201           1.999999955296516D-02 
main           63.11328      202           5.000000074505806D-02 
main           79.98047      203           5.000000074505806D-02 
main           93.87109      204           5.000000074505806D-02 
main           108.5898      205           5.000000074505806D-02 
main           112.2227      206           5.000000074505806D-02 
main           119.5234      301           5.000000074505806D-02 
 
 1.999999955296516D-02  0 
 3015132.004297971 -18157858.87125979  10021378.85578534 
 1911.882735252152  380.1810395946469 -304.634033203125 
 .9078370955203879  .1314022621767681 -.3982025282339804 
-.4108037213389489  8.825683270858418D-02 -.9074420279082958 
-8.409584134294235D-02  .987392615414495  .1341033649605624 
 0 -.1745329  .6166  0  0  0 
 0  32000  683 -185  0 
Send.pos.prep: 122.8711      HUDFlags are 0000001000010000
 
 1.999999955296516D-02  1.999999955296516D-02 
 3015170.240135471 -18157851.26577484  10021372.76008593 
 1911.701100265319  380.3674723903715 -304.9359213389839 
 .9076976555010738  .1314395949309061 -.3985079661465418 
-.4111103149381937  8.821244727711559D-02 -.9073074854186981 
-8.410276540800027D-02  .9873916128010108  .1341064048468434 
 .251623 -.1747326  .6165526  0 -7.62816E-04  3.377446E-02 
 .1002703  31980.45  681.1978 -200.3283  17.80561351738168 
 
 1.999999955296516D-02  3.999999910593033D-02 
 3015208.472342825 -18157843.65657358  10021366.65834689 
 1911.519720518786  380.5526710537887 -305.2379967200261 
 .9072942910194374  .1315515610336898 -.3993886030836829 
-.4119948639787068  8.808428954555417D-02 -.9069186236870547 
-.08412669932134  .987388142892578  .134116940527446 
 .2523231 -.1753159  .6164152  0 -1.875125E-03  6.369682E-02 
 .1004918  31976.45  681.2202 -200.6556  17.86870716684567 
 
 1.999999955296516D-02  5.999999865889549D-02 
 3015246.700925365 -18157836.04367956  10021360.55056539 
 1911.338618935462  380.7367478775153 -305.540166813538 
 .9066559797263903  .1317377522750682 -.4007743742455247 
-.4133881299445039  8.788210095135511D-02 -.9063040275500057 
-8.417356145111787D-02  .9873813351273601  .1341376553945472 
 .2534735 -.1762442  .6161984  0 -3.293541E-03  8.991957E-02 
 .1006879  31972.44  681.2428 -200.982  17.92556724955806 
 
 1.999999955296516D-02  7.999999821186066D-02 
 3015284.925888829 -18157828.42711382  10021354.43674041 
 1911.157812921314  380.9198433631114 -305.8423450387747 
 .9058099095074124  .1319971649813384 -.402598008285017 
-.4152235505906228  8.761510960388277D-02 -.9054904723982554 
-8.424850665198588D-02  .9873704173237056  .1341709660132227 
 .2550115 -.1774802  .615912  0 -4.980261E-03  .1126126 
 .1008529  31968.43  681.2657 -201.3075  17.9747806267558 
 
 1.999999955296516D-02  9.999999776482582D-02 
 3015323.147239251 -18157820.80689433  10021348.31687259 
 1910.977314724188  381.1021221668692 -306.1444507972367 
 .9047816628171319  .1323283763643309 -.4047954340634855 
-.4174376656967797  8.729201952809663D-02 -.9045031224845659 
-8.435601867969604D-02  .9873547002650496  .1342190671142681 
 .2568776 -.1789879  .6155653  0 -6.902323E-03  .1319596 
 .100982  31964.42  681.2887 -201.6321  18.01514074984286 
 
 1.999999955296516D-02  .119999997317791 
 3015361.364982866 -18157813.18303559  10021342.19096412 
 1910.797132198232  381.2837689526763 -306.4464096581262 
 .9035953581775199  .1327296911639349 -.4073060983628479 
-.4199704513224587  8.692100628485072D-02 -.9033656838083007 
-.0844999922843175  .9873335645818767  .1342839661091185 
 .259016 -.1807332  .6151669  0 -9.030974E-03  .1481551 
 .1010711  31960.4  681.3121 -201.9562  18.04565436573721 
 
 1.999999955296516D-02  .1399999968707561 
 3015399.579126023 -18157805.55554821  10021336.05901863 
 1910.617268848165  381.4649861956558 -306.7481529964326 
 .9022737536090113  .1331992617179267 -.4100732010581823 
-.4227655692594103  8.650971762052841D-02 -.9021005166864625 
-8.468380599070753D-02  .9873064496067141  .1343675093462423 
 .2613743 -.1826837  .6147248  0 -1.134111E-02  .161401 
 .1011167  31956.37  681.3358 -202.2796  18.06543795454843 
 
 1.999999955296516D-02  .1599999964237213 
 3015437.7896751 -18157797.92443861  10021329.92104106 
 1910.437724254398  381.6459909396507 -307.0496178857035 
 .9008383172302349  .1337351845630572 -.4130438555646165 
-.425770539698559  8.606527800191825D-02 -.9007287135687692 
-8.491038649421148D-02  .9872728439151646  .1344714019152997 
 .2639039 -.184809  .6142465  0 -1.381078E-02  .1719041 
 .1011158  31952.35  681.3599 -202.6028  18.07377221281613 
 
 1.999999955296516D-02  .1799999959766865 
 3015475.996636433 -18157790.28970874  10021323.77703755 
 1910.258494461457  381.8270129661319 -307.3507468274269 
 .8993092699487981  .1343355767170603 -.4161691841213797 
-.4289368468868878  8.559429592614481D-02 -.8992701473348493 
-8.518226556563517D-02  .9872322772949645  .1345972224828702 
 .2665596 -.187081  .6137394  0 -1.642078E-02  .1798736 
 .1010659  31948.31  681.3842 -202.9257  18.0700307173653 
 
 1.999999955296516D-02  .1999999955296516 
 3015514.200016247 -18157782.65135586  10021317.62701534 
 1910.079572304035  382.0082924667526 -307.6514874959767 
 .8977059111400124  .1349951122499517 -.4194048363728097 
-.4322199856831539  8.510287337224713D-02 -.8977434961723983 
-8.549842735591376D-02  .9871847955739642  .1347449379652362 
 .2693021 -.1894708  .6132099  0 -1.879749E-02  .185519 
 .1009649  31944.28  681.409 -203.2487  18.05372724079074 
 
 1.999999955296516D-02  .2199999950826168 
 3015552.3998206 -18157775.00937248  10021311.47098266 
 1909.900948425316  382.1900624561927 -307.9517942658168 
 .8960466673510827  .1357046476887883 -.4227110343067478 
-.4355794546164881  .084596630607239 -.8961662506510188 
-8.585399609232701D-02  .9871310240720649  .1349126853539523 
 .2720978 -.1919483  .6126637  0 -.0208837  .1890479 
 .1008145  31940.23  681.4341 -203.5718  18.02528637604286 
 
 1.999999955296516D-02  .239999994635582 
 3015590.596055365 -18157767.36374674  10021305.30894855 
 1909.722613414425  382.3725281698748 -308.2516305664412 
 .8943487495909823  .1364552317987075 -.4260519731438971 
-.4389787040269595  8.408073500318881D-02 -.8945547090100942 
-8.624390712309996D-02  .9870716284627392  .1350984410274877 
 .2749166 -.1944859  .6121061  0 -2.271259E-02  .1906643 
 .1006208  31936.18  681.4597 -203.8952  17.98617611256236 
 
 1.999999955296516D-02  .2599999941885471 
 3015628.78872622 -18157759.71446297  10021299.1409227 
 1909.544557501032  382.5558664215807 -308.5509681861829 
 .8926280735304702  .1372389489191519 -.4293956139096534 
-.4423850448397311  8.355991494573514D-02 -.8929239680490216 
-8.666368586340373D-02  .9870071993221869  .1353003844737382 
 .2777314 -.1970588  .6115423  0 -2.431362E-02  .1905672 
 .1003896  31932.13  681.4857 -204.2192  17.93788596585199 
 
 1.999999955296516D-02  .2799999937415123 
 3015666.97783865 -18157752.06150219  10021292.96691529 
 1909.36677085948  382.7402289560805 -308.8497865086718 
 .8908992572191371  .1380488323886774 -.4327135696537754 
-.4457695243714526  8.303846955065484D-02 -.8912879129194636 
-8.710938312282293D-02  .9869382617219818  .1355168731972275 
 .2805177 -.1996447  .6109768  0 -2.571295E-02  .1889496 
 .1001264  31928.07  681.5121 -204.5437  17.8817324440384 
 
 1.999999955296516D-02  .2999999932944775 
 3015705.163397937 -18157744.40484261  10021286.78693685 
 1909.18924316659  382.9257460420969 -309.1480713820468 
 .8891756196949416  .1388787824515849 -.4359809641772013 
-.4491067755191943  8.252027829748315D-02 -.889659208827997 
-8.757751722256477D-02  .9868652833363177  .1357464217674267 
 .283254 -.2022243  .6104141  0 -2.693379E-02  .1859966 
 9.983587E-02  31924  681.5392 -204.8689  17.81884190340551 
 
 1.999999955296516D-02  .3199999928474426 
 3015743.345409153 -18157736.74446004  10021280.60099813 
 1909.011963769313  383.1125285034694 -309.4458144550183 
 .8874691834663653  .1397234882240695 -.4391762689809655 
-.4523748449346713  8.200881119650472D-02 -.8880492973683768 
-8.806502181839815D-02  .9867886813926443  .1359876840287043 
 .2859214 -.2047805  .6098584  0 -2.799672E-02  .1818853 
 .099522  31919.92  681.5667 -205.195  17.75023379198374 
 
 1.999999955296516D-02  .3399999924004078 
 3015781.523877155 -18157729.08032822  10021274.40911 
 1908.834921750897  383.3006705392572 -309.7430124159537 
 .8857906828065566  .1405783540524349 -.4422811239754672 
-.4555550057135593  8.150713985847048D-02 -.8864683992796417 
-8.856919906159874D-02  .9867088286439922  .136239437952404 
 .2885034 -.2072989  .6093134  0 -2.891999E-02  .1767838 
 9.918848E-02  31915.84  681.5945 -205.5219  17.67678096720136 
 
 1.999999955296516D-02  .359999991953373 
 3015819.698806577 -18157721.41241916  10021268.21128335 
 1908.658105790916  383.4902521523816 -310.0396661907368 
 .8841495789482724  .1414394303046543 -.4452801473237802 
-.4586315599262923  8.101794962477049D-02 -.8849255245941172 
-8.908767751585088D-02  .9866260585417822  .136500572603703 
 .2909862 -.2097668  .6087826  0 -2.971977E-02  .1708506 
 9.883837E-02  31911.75  681.623 -205.8498  17.5992281188981 
 
 1.999999955296516D-02  .3799999915063381 
 3015857.870201823 -18157713.74070341  10021262.00752903 
 1908.481504058551  383.6813402447052 -310.3357803046906 
 .8825540854149672  .1423033484455609 -.4481607338205033 
-.4615916303960409  8.054355364380614D-02 -.8834284932662925 
-8.961837459849084D-02  .9865406697078473  .1367700769419832 
 .2933582 -.212174  .6082691  0 -3.041036E-02  .1642342 
 9.847429E-02  31907.66  681.6521 -206.1787  17.51825906018123 
 
 1.999999955296516D-02  .3999999910593033 
 3015896.038067055 -18157706.06515027  10021255.79785774 
 1908.305104514267  383.8739906772012 -310.6313623949608 
 .8810112015322107  .1431672605807844 -.4509128499749859 
-.4644249498248126  8.008590822329455D-02 -.881983964301092 
-9.015946292536672D-02  .9864529298460434  .1370470300413899 
 .2956102 -.2145117  .6077752  0 -3.100445E-02  .1570727 
 9.809872E-02  31903.56  681.6817 -206.5086  17.43445219324377 
 
 1.999999955296516D-02  .4199999906122684 
 3015934.202406197 -18157698.38572804  10021249.58228003 
 1908.128894929906  384.0682495596349 -310.9264226810699 
 .8795267536577724  .1440287837643632 -.4535288293455866 
-.467123650819727  7.964662932056472D-02 -.880597472902757 
-9.070934045107829D-02  .9863630791373074  .1373305926212348 
 .2977348 -.2167732  .6073036  0 -3.151324E-02  .1494941 
 9.771368E-02  31899.45  681.7117 -206.8397  17.34831719713648 
 
 1.999999955296516D-02  .4399999901652336 
 3015972.363222923 -18157690.70240417  10021243.3608062 
 1907.952862940163  384.2641548567074 -311.220973452863 
 .8781054450456089  .144885948419344 -.4560031681160561 
-.4696820567324995  7.922701048163279D-02 -.8792734764529588 
-9.126660377587216D-02  .98627133323481  .1376199995438438 
 .2997266 -.2189534  .6068559  0 -3.194667E-02  .1416158 
 9.732096E-02  31895.33  681.7424 -207.172  17.26027985767389 
 
 1.999999955296516D-02  .4599999897181988 
 3016010.520520659 -18157683.01514542  10021237.13344632 
 1907.776995978155  384.4617370388326 -311.5150286138022 
 .8767509133727579  .145737151029062 -.4583323234400634 
-.4720964758350842  7.882804201286067D-02 -.8780154083480038 
-9.183002452427121D-02  .9861778858818272  .1379145532332275 
 .3015821 -.2210482  .6064337  0 -3.231352E-02  .1335448 
 9.692208E-02  31891.21  681.7734 -207.5054  17.17072918883054 
 
 1.999999955296516D-02  .4799999892711639 
 3016048.674302582 -18157675.32391802  10021230.90021014 
 1907.601281606525  384.6610203224116 -311.8086034117666 
 .8754657945583703  .1465811108195055 -.4605145171535865 
-.4743650013650315  7.845043106305565D-02 -.8768257383003615 
-9.239852833370622D-02  .9860829112285334  .1382136177980474 
 .3032992 -.2230554  .6060383  0 -3.262156E-02  .1253783 
 9.651846E-02  31887.07  681.8051 -207.8401  17.07999160177203 
 
 1.999999955296516D-02  .4999999888241291 
 3016086.824571619 -18157667.62868776  10021224.66110711 
 1907.425707359535  384.8620228756051 -312.1017140334305 
 .8742550519401138  .1474155775812542 -.4625437834881946 
-.4764750029547189  7.802710768735793D-02 -.8757187573789007 
-9.300363281339755D-02  .985992098321447  .1384554308475478 
 .3048722 -.224969  .605602 -6.947109E-03 -3.280365E-02  .1165332 
 9.611128E-02  31882.93  681.8375 -208.176  16.98838258059806 
 
 1.999999955296516D-02  .5199999883770943 
 3016124.971330566 -18157659.92942021  10021218.41614652 
 1907.250272543626  385.0647490476259 -312.3943586277306 
 .8731225113912195  .1482379739717858 -.4644163898643428 
-.4784158329868145  7.749067924329568D-02 -.8747076570934684 
-.0936769494028362  .9859111003042577  .1385782502683076 
 .3062978 -.2267843  .6050569 -1.389466E-02 -3.288978E-02  .1078344 
 9.570308E-02  31878.79  681.8702 -208.5131  16.89652773183614 
 
 1.999999955296516D-02  .5399999879300594 
 3016163.114582323 -18157652.22608101  10021212.1653379 
 1907.0749884809  385.2691890602007 -312.6865176800006 
 .872067672541019  .1490466883879596 -.4661363096664665 
-.4801909260641513  .076840952023137 -.873791818809166 
-9.441741912667512D-02  .9858400239251599  .1385813775104626 
 .3075801 -.2285017  .6044027 -2.084262E-02 -3.288934E-02  9.934046E-02 
 9.529652E-02  31874.63  681.9037 -208.8515  16.80507169821526 
 
 1.999999955296516D-02  .5599999874830246 
 3016201.254330023 -18157644.51863603  10021205.90869113 
 1906.899866751775  385.4753257668678 -312.9781727785607 
 .8710893865031056  .1498404217367047 -.467708380014095 
-.4818045827046702  7.607755505881302D-02 -.8729699592202766 
-9.522407682104962D-02  .9857789070730004  .1384641526299826 
 .3087236 -.2301226  .6036388 -2.779095E-02 -3.281083E-02  9.110145E-02 
 9.489308E-02  31870.47  681.9377 -209.1911  16.71440050830468 
 
 1.999999955296516D-02  .5799999870359898 
 3016239.390577033 -18157636.80705157  10021199.64621648 
 1906.724919461913  385.6831372889794 -313.2693063431768 
 .8701859348298835  .1506181514037357 -.4691381580003514 
-.4832618240410012  7.519995993279048D-02 -.8722402051331219 
-9.609603659259651D-02  .9857277202624605  .1382259500143382 
 .309734 -.2316489  .6027648 -3.473962E-02 -3.266186E-02  8.315949E-02 
 9.449387E-02  31866.3  681.972 -209.5319  16.62476905038539 
 
 1.999999955296516D-02  .5999999865889549 
 3016277.523326966 -18157629.09129441  10021193.37792454 
 1906.550159164348  385.8925957926081 -313.5599015220835 
 .8693549672103301  .1513791191547806 -.4704320389499932 
-.4845688044921505  7.421046963635862D-02 -.8715996098607427 
-9.703099865390089D-02  .9856861409598257  .1378688391912867 
 .3106174 -.2330833  .6017826 -4.138295E-02 -3.244932E-02  7.557808E-02 
 9.410015E-02  31862.12  682.007 -209.8738  16.53649101737255 
 
 1.999999955296516D-02  .6199999861419201 
 3016315.652583691 -18157621.37133194  10021187.10382624 
 1906.375598488606  386.1036686429449 -313.8499428408513 
 .8685935513506712  .1521228027052943 -.4715971749799974 
-.4857328331400973  7.311512779880323D-02 -.8710440820628189 
-9.802477932503928D-02  .98565350452583  .1373983684554755 
 .3113809 -.2344292  .600698 -4.762972E-02 -3.217904E-02  6.838996E-02 
 9.371296E-02  31857.93  682.0426 -210.2168  16.44982555822683 
 
 1.999999955296516D-02  .6399999856948853 
 3016353.778351319 -18157613.64713224  10021180.82393278 
 1906.201249557901  386.316318833849 -314.1394171181998 
 .8678984164720218  .1528488598738068 -.4726410527246162 
-.4867616470610958  7.192054432877874D-02 -.8705690864335931 
-9.907289051867491D-02  .9856290688381349  .1368206893183379 
 .3120317 -.2356904  .5995175 -5.350357E-02 -3.185638E-02  6.161002E-02 
 9.333325E-02  31853.74  682.0787 -210.5609  16.36501359003176 
 
 1.999999955296516D-02  .6599999852478504 
 3016391.900634203 -18157605.91866417  10021174.53825561 
 1906.027124037144  386.5305053432552 -314.4283135396188 
 .86726607360161  .1535570946516089 -.4735713000824719 
-.4876631108847978  7.063281156310444D-02 -.8701699237579128 
-.1001710929450575  .9856121065677141  .1361415716280111 
 .3125773 -.2368709  .5982469 -5.902673E-02 -.0314864  5.524818E-02 
 9.296195E-02  31849.54  682.1152 -210.906  16.28227853322436 
 
 1.999999955296516D-02  .6799999848008156 
 3016430.019436923 -18157598.18589746  10021168.24680638 
 1905.853233182306  386.7461833084079 -314.7166233512315 
 .8666928717688381  .1542474351133919 -.4743956099986837 
-.488445143341294  6.925754637812957D-02 -.869841786887698 
-.1013153886208122  .9856019079885248  .1353664323161125 
 .3130252 -.237975  .5968915 -6.422012E-02 -3.107394E-02  4.930984E-02 
 9.259992E-02  31845.33  682.1524 -211.2521  16.20183255103676 
 
 1.999999955296516D-02  .6999999843537807 
 3016468.134764283 -18157590.44880276  10021161.94959689 
 1905.679587990184  386.9633038136012 -315.0043396682083 
 .866175050580098  .1549199130451551 -.4751216710429501 
-.4891156500069954  6.779992979630084D-02 -.8695798125749301 
-.1025020130085173  .9855977831051049  .1345003615887464 
 .3133828 -.2390068  .5954562 -.0691034 -3.062352E-02  4.379616E-02 
 9.224802E-02  31841.11  682.1901 -211.5991  16.12389693439289 
 
 1.999999955296516D-02  .7199999839067459 
 3016506.246621303 -18157582.70735174  10021155.64663907 
 1905.506199241423  387.1818151091687 -315.2914571350511 
 .8657087885499155  .1555746455409569 -.4757571051411028 
-.4896824627433794  6.626474404368653D-02 -.8693791286765533 
-.1037274269854203  .9855990631903164  .1335481468585543 
 .3136578 -.2399708  .5939455 -7.369509E-02 -3.013944E-02  3.870463E-02 
 9.190688E-02  31836.88  682.2283 -211.947  16.0486300585863 
 
 1.999999955296516D-02  .7399999834597111 
 3016544.355013222 -18157574.96151715  10021149.33794492 
 1905.33307778808  387.4016617730348 -315.5779719139739 
 .8652902463306301  .1562118184919129 -.4763094134788082 
-.4901532869585191  6.465640731125273D-02 -.869234895915575 
-.1049883083435309  .9856051018318899  .1325142949047863 
 .3138573 -.2408713  .5923634 -7.801257E-02 -2.962572E-02  3.402942E-02 
 9.157735E-02  31832.65  682.2669 -212.2957  15.97623228550966 
 
 1.999999955296516D-02  .7599999830126762 
 3016582.459945493 -18157567.21127285  10021143.02352653 
 1905.160234527038  387.6227853836003 -315.8638813991727 
 .8649156054197962  .156831671882928 -.4767859291083499 
-.4905356552611553  6.297900599156539D-02 -.8691423449135492 
-.1062815431710316  .9856152756013469  .1314030520287265 
 .3139885 -.2417128  .5907138 -8.207221E-02 -2.908613E-02  .0297619 
 9.126007E-02  31828.41  682.306 -212.6453  15.90686807888255 
 
 1.999999955296516D-02  .7799999825656414 
 3016620.56142379 -18157559.45659392  10021136.70339601 
 1904.987680312165  387.8451255468272 -316.1491838968071 
 .8645811025979422  .1574344867757098 -.4771937755296006 
-.4908368868119279  6.123632428099558D-02 -.8690968088385361 
-.1076042172746988  .9856289844369536  .1302184221317314 
 .3140585 -.2424994  .589 -8.588938E-02 -2.852416E-02  .0258908 
 .0909555  31824.16  682.3457 -212.9955  15.84064804443627 
 
 1.999999955296516D-02  .7999999821186066 
 3016658.659454003 -18157551.69745664  10021130.37756553 
 1904.815426096645  388.0686191401317 -316.4338785893184 
 .8642830608862739  .1580205736402822 -.477539829722557 
-.4910640509757938  5.943187229569954D-02 -.8690937523620049 
-.1089536071192482  .9856456517744207  .1289641835312452 
 .314074 -.2432355  .5872253 -8.947857E-02 -2.794306E-02  2.240264E-02 
 9.066418E-02  31819.91  682.3859 -213.3464  15.77771994876982 
 
 1.999999955296516D-02  .8199999816715717 
 3016696.754042243 -18157543.93383861  10021124.04604723 
 1904.643483045875  388.2932010247538 -316.7179653934432 
 .8640179152163098  .1585902623892405 -.477830692673224 
-.4912239382965776  5.756891146819524D-02 -.8691287953328704 
-.1103271708585931  .9856647244918921  .1276439041343528 
 .3140414 -.2439249  .5853926 -9.285338E-02 -2.734584E-02  1.928221E-02 
 9.038657E-02  31815.64  682.4265 -213.6979  15.7181955654173 
 
 1.999999955296516D-02  .8399999812245369 
 3016734.845194848 -18157536.16571873  10021117.70885327 
 1904.471862601669  388.518804520421 -317.0014448299189 
 .863782233652996  .1591438939252575 -.4780726658696842 
-.4913230373410634  5.565047782214255D-02 -.8691977319897461 
-.1117225393704971  .9856856726890537  .1262609553747084 
 .3139669 -.2445717  .5835046 -.0960266 -2.673524E-02  1.651283E-02 
 9.012308E-02  31811.37  682.4677 -214.05  15.66216227406259 
 
 1.999999955296516D-02  .8599999807775021 
 3016772.932918385 -18157528.39307724  10021111.36599579 
 1904.300576251938  388.7453615173515 -317.2843177697441 
 .8635727356266875  .1596818128137813 -.4782717312770462 
-.491367514927243  5.367940346998422D-02 -.8692965471674966 
-.1131375072929581  .985707989365821  .124818524842768 
 .3138564 -.2451795  .5815639 -9.901027E-02 -.0261138  1.407656E-02 
 8.987393E-02  31807.1  682.5093 -214.4025  15.60969856773951 
 
 1.999999955296516D-02  .8799999803304672 
 3016811.017219653 -18157520.61589578  10021105.0174869 
 1904.129635708554  388.9728024445768 -317.566585434908 
 .863386306466692  .1602043612112467 -.478433536089078 
-.4913632010493539  5.165833601687748D-02 -.8694214288677838 
-.1145700242661002  .9857311900152405  .1233196276786524 
 .3137154 -.2457519  .5795728 -.1018157 -2.548381E-02  1.195461E-02 
 8.963944E-02  31802.81  682.5513 -214.7555  15.56088506004265 
 
 1.999999955296516D-02  .8999999798834324 
 3016849.09810569 -18157512.83415736  10021098.66333869 
 1903.95905303001  389.2010570853207 -317.84824932945 
 .8632200082123068  .1607118739900657 -.4785633824067043 
-.4913155787329579  .0495897564726372 -.8695687771230532 
-.1160181861444256  .9857548121168793  .1217671173682437 
 .3135491 -.2462921  .5775336 -.1044535 -2.484733E-02  1.012752E-02 
 8.941983E-02  31798.52  682.5938 -215.1088  15.51576206622117 
 
 1.999999955296516D-02  .9199999794363976 
 3016887.175583774 -18157505.04784641  10021092.30356323 
 1903.788840520026  389.4300543876657 -318.1293111216969 
 .863071087404282  .1612046747109613 -.4786662208033096 
-.4912297776730165  4.747599503635802D-02 -.869735209947617 
-.117480226481345  .985778414628074  .1201636951797464 
 .3133625 -.2468034  .5754483 -.1069338 -2.420626E-02  8.575486E-03 
 8.921526E-02  31794.22  682.6366 -215.4625  15.47437759493109 
 
 1.999999955296516D-02  .9399999789893627 
 3016925.249661434 -18157497.25694881  10021085.93817253 
 1903.619010585054  389.6597232996163 -318.4097724549084 
 .8629369801215233  .1616830726635066 -.4787466473541429 
-.4911105713899702  4.531924579159172D-02 -.8699175665716247 
-.1189545081439179  .9858015773851079  .1185119193046421 
 .3131599 -.2472887  .573319 -.1092658 -2.356225E-02  7.278488E-03 
 8.902575E-02  31789.91  682.6801 -215.8163  15.43673621225248 
 
 1.999999955296516D-02  .9599999785423279 
 3016963.320346446 -18157489.46145183  10021079.5671786 
 1903.449575756806  389.8899920627637 -318.689634950635 
 .8628153151412045  .1621473604669765 -.4788089028530854 
-.4909623764969409  4.312157973636133D-02 -.8701129088948832 
-.1204395152026891  .9858239005292129  .1168142128471882 
 .3129455 -.2477506  .5711474 -.1114585 -2.291678E-02  6.216443E-03 
 8.885138E-02  31785.6  682.7239 -216.1704  15.40287717670546 
 
 1.999999955296516D-02  .979999978095293 
 3017001.387646841 -18157481.6613442  10021073.19059339 
 1903.280548862137  390.120789050834 -318.9689002176868 
 .8627046639410988  .1625977085057385 -.4788555606891893 
-.4907858670360664  4.086838463843893D-02 -.8703212095856908 
-.1219421811020747  .9858457081743197  .1150580033823866 
 .3127219 -.2481907  .5689187 -.1152262 -2.226726E-02  5.217847E-03 
 8.869218E-02  31781.27  682.7681 -216.5246  15.37279892382996 
 
 1.999999955296516D-02  .9999999776482582 
 3017039.451570934 -18157473.85661605  10021066.80842888 
 1903.111945446719  390.3520426958876 -319.247565404205 
 .862603658377452  .1630342544537083 -.4788890899034542 
-.4905816293110795  3.854590814678997D-02 -.8705422895802505 
-.123468998280222  .9858671537483441  .1132314515663197 
 .3124915 -.2486107  .5666186 -.1187687 -2.161535E-02  4.441576E-03 
 8.854815E-02  31776.94  682.8128 -216.8788  15.34649335129771 
 
 .1009375  1.100937477648258 
 3017231.504207127 -18157434.39653847  10021034.51349 
 1902.265366132864  391.5194635979377 -320.6521522333971 
 .8622733325344762  .1644947769404373 -.4789845178700492 
-.4892000269224017  2.584184573087997D-02 -.8717886972588839 
-.1310268432765168  .9860393842887493  .1027535837450642 
 .311585 -.2500036  .5539214 -.1355789 -7.50884E-03  1.530899E-03 
 8.841937E-02  31754.98  683.0447 -218.6653  15.33577747440653 
 
 .1009375  1.201874977648258 
 3017423.472120581 -18157394.81906433  10021002.07751469 
 1901.433228608007  392.6781664162695 -322.0420954748878 
 .8621619772118023  .1644233656015256 -.4792094342711774 
-.4874948877708224  .0117204427168308 -.873047172620033 
-.1379328077273416  .9863202259240085  9.026047022735725D-02 
 .3114959 -.2500584  .5395823 -.1473185  9.072874E-03  3.397085E-03 
 8.853862E-02  31732.82  683.2856 -220.4352  15.42377157515652 
 
 .1009375  1.302812477648258 
 3017615.357107948 -18157355.12699913  10020969.50190764 
 1900.622248635683  393.7899984840074 -323.4188491659114 
 .8621586366592093  .1626573536866358 -.4798177471974056 
-.4857949053621012 -3.443603589243978D-03 -.8740660452840771 
-.1438255719896831  .986676607043047  7.604918116495184D-02 
 .3125456 -.2487711  .5239542 -.1555159  2.651945E-02  6.748139E-03 
 .0902399  31710.47  683.5316 -222.1551  15.90872101160276 
 
 .1009375  1.403749977648258 
 3017807.161680165 -18157315.32713933  10020936.78798564 
 1899.839863397034  394.8140346578233 -324.7827012378135 
 .8622675294175914  .1591293024546692 -.4808040898457216 
-.4841908260788328 -.0193585111289781 -.8747482449184826 
-.1485057293614608  .9870679374527157  6.035673284448791D-02 
 .3147499 -.2460798  .5073387 -.1612393  4.425158E-02  9.526954E-03 
 9.363153E-02  31687.93  683.7787 -223.7887  16.8186946391514 
 
 .1009375  1.504687477648258 
 3017998.889097912 -18157275.43041171  10020903.9371334 
 1899.093491353163  395.7093610082458 -326.132018175789 
 .8625220743711856  .1540370440935364 -.482004419346288 
-.4826350190440349 -3.579521107079155D-02 -.8750897903968258 
-.152049694556714  .9874164733846209  4.346951200423729D-02 
 .3178472 -.2420779  .490018 -.1652353  5.752778E-02  1.078918E-02 
 9.870356E-02  31665.22  684.021 -225.2987  18.15149434096703 
 
 .1009375  1.605624977648258 
 3018190.543303666 -18157235.45154364  10020870.95102743 
 1898.389223263399  396.4415852875507 -327.4626511171804 
 .8629127024438121  .1479328340596372 -.4832158364211588 
-.4810738609034346 -5.235405008374536D-02 -.8751154174137779 
-.1547566099285547  .9876107178675771  .0259896447938134 
 .3213813 -.2371632  .4724873 -.1634836  6.412157E-02  1.081013E-02 
 .1051781  31642.36  684.2522 -226.6524  19.83751499909839 
 
 .1009375  1.706562477648258 
 3018382.128708697 -18157195.40797891  10020837.8318596 
 1897.730257237986  396.9912760906995 -328.768538117019 
 .8634305002465354  .14138931022142 -.4842487317475679 
-.479418295997235 -.0687455878510506 -.8748897882671396 
-.1569900274129672  .9875642293573229  8.427584870602857D-03 
 .3249039 -.2317566  .4551215 -.1622605  6.604766E-02  8.952703E-03 
 .1124365  31619.36  684.4664 -227.8295  21.72326307627358 
 
 .1009375  1.807499977648257 
 3018573.649912532 -18157155.31837358  10020804.58246754 
 1897.117125244298  397.3538451729767 -330.0429455603737 
 .8640855735135774  .1348015439863495 -.4849584161395775 
-.4775390712769177 -8.498991130754606D-02 -.874490223147128 
-.1590992050567508  .9872209776513212 -9.065552133113077D-03 
 .3280941 -.2261388  .437951 -.1614061  6.501783E-02  6.10093E-03 
 .1198747  31596.26  684.6586 -228.823  23.65861893248349 
 
 .1009375  1.908437477648257 
 3018765.111497908 -18157115.2013506  10020771.20636985 
 1896.548962701115  397.5345358296224 -331.2791137910128 
 .8648734234915275  .128401679856591 -.4852906036057672 
-.4753751508415903 -.1011074865878778 -.8739540846739129 
-.1612836857849529  .9865547550774293 -2.640621013574101D-02 
 .3307972 -.2204905  .4209768 -.1608091  6.259499E-02  2.977934E-03 
 .1271016  31573.06  684.8259 -229.6341  25.54572856260311 
 
 .1009375  2.009374977648257 
 3018956.517929199 -18157075.07472645  10020737.70773834 
 1896.024288888716  397.5440850724532 -332.4708605057555 
 .865781718638478  .1222816507359364 -.485251701248638 
-.4729173622449691 -.1171183660182216 -.8732883010944794 
-.163619021384017  .9855610007678446 -.0435698244983866 
 .3329839 -.214898  .4041792 -.1603918  5.996211E-02  5.372126E-05 
 .1339062  31549.79  684.9663 -230.2694  27.33115947399013 
 
 .1046006944444444  2.113975672092702 
 3019154.817227668 -18157033.49941696  10020702.86916434 
 1895.524123318489  397.3896332480295 -333.6542389357469 
 .8666793609367239  .1164958390377399 -.4850727830060189 
-.4705444531416832 -.1320617114669157 -.8724377467659356 
-.1656949092274874  .9843720962376581 -5.963868882506167D-02 
 .3348495 -.2095413  .3885133 -.1293525  5.202512E-02  1.798439E-03 
 .140224  31525.62  685.0831 -230.7545  28.99871210346849 
 
 .1046006944444444  2.218576366537147 
 3019353.066322539 -18156991.94811034  10020667.90961401 
 1895.064379451336  397.085142377498 -334.783968275807 
 .8674546384768238  .1115653605109202 -.4848459760780851 
-.4685820080191145 -.1442869601882727 -.8715573273631526 
-.167192559481027  .983226547370287 -7.288487223345459D-02 
 .3362728 -.204942  .3756891 -.1079756  4.348921E-02 -1.072256E-04 
 .145997  31501.42  685.171 -231.078  30.53051349187632 
 
 .1046006944444444  2.323177060981591 
 3019551.269069212 -18156950.43508352  10020632.83440243 
 1894.637930381825  396.6577106453859 -335.8657203773531 
 .868197137666168  .107511406292151 -.484432686413042 
-.4667275153526184 -.1546172316420554 -.8707806486665386 
-.1685204930002394  .9821073307925311 -8.405970641469793D-02 
 .3371044 -.201036  .3648797 -9.324578E-02  3.567337E-02 -2.248317E-03 
 .1507091  31477.2  685.2337 -231.2674  31.79361589275878 
 
 .1046006944444444  2.427777755426036 
 3019749.428646043 -18156908.97183217  10020597.64826509 
 1894.238957735611  396.1334187708076 -336.904905557773 
 .8689014903189073  .104188852667708 -.4838955291190115 
-.4649354564208133 -.1636409591303487 -.870090028593403 
-.1698388103006824  .9810027112473672 -9.374678149655372D-02 
 .3374756 -.1977244  .3554673 -8.309159E-02  2.985128E-02 -3.158235E-03 
 .1544058  31452.97  685.2757 -231.3486  32.79866766883217 
 
 .1046006944444444  2.53237844987048 
 3019947.547697832 -18156867.56735819  10020562.35541451 
 1893.863078140316  395.5338680524805 -337.9061129883326 
 .8695386505634787  .1013529162295271 -.4833529989024739 
-.4632623585066743 -.171773054041126 -.8694147486074856 
-.1711447409857447  .9799089775469729 -.1024103186000681 
 .3376201 -.194852  .3469991 -7.608903E-02  .0263843 -2.658447E-03 
 .1572656  31428.74  685.3011 -231.343  33.59064400068969 
 
 .1046006944444444  2.636979144314925 
 3020145.628482344 -18156826.22874619  10020526.95964802 
 1893.507274674766  394.8741157074438 -338.8726919068274 
 .869964732261297  9.890784078705066D-02 -.4830927484990569 
-.4621558900036509 -.1781125979187309 -.8687277109644731 
-.1719688865942401  .9790266296140688 -.109240837373454 
 .3378739 -.1924948  .3403647 -4.765713E-02  2.133102E-02  2.588561E-03 
 .1595448  31404.53  685.3129 -231.2659  34.23394944083365 
 
 .1046006944444444  2.74157983875937 
 3020343.672775978 -18156784.96154518  10020491.46427667 
 1893.165360466063  394.1684662374273 -339.8105911083744 
 .8701326958580647  9.689110881680149D-02 -.4831989286319115 
-.4618034894169043 -.1820248513583737 -.8681039630426372 
-.1720657687082098  .9785085929720861 -.1136411224805534 
 .3383041 -.1907328  .3362113 -2.803948E-02  1.675134E-02  4.559048E-03 
 .1613009  31380.32  685.3127 -231.1333  34.72663303534041 
 
 .1046006944444444  2.846180533203814 
 3020541.681676106 -18156743.76980604  10020455.87182715 
 1892.830539072234  393.4312597860027 -340.7288585764388 
 .870153303174101  9.525022077421856D-02 -.4834879775316689 
-.4618924577718112 -.1842540857148119 -.8675861855463776 
-.1717224109681557  .9782524353866238 -.1163339427313561 
 .3387478 -.1894137  .3337912 -1.450062E-02  1.338845E-02  5.767673E-03 
 .1624923  31356.14  685.3028 -230.9629  35.06314359312179 
 
 .1046006944444444  2.950781227648259 
 3020739.655710891 -18156702.65625598  10020420.18398028 
 1892.498723532951  392.6734650891361 -341.6346201096393 
 .8700608984693767  9.385292825642871D-02 -.4839273300944623 
-.4623095831106408 -.1853246290064382 -.8671358781919307 
-.1710668942803548  .9781852635065195 -.1178546050859031 
 .339232 -.1883994  .3325616 -5.155445E-03  1.146656E-02  7.259291E-03 
 .163226  31331.98  685.2862 -230.7683  35.28145564986956 
 
 .1046006944444444  3.055381922092704 
 3020937.595048187 -18156661.62266869  10020384.40178412 
 1892.167111574726  391.9023449110801 -342.5328485106488 
 .8698616275497143  9.255378335092929D-02 -.4845353920035061 
-.4630234674085676 -.1856027690342389 -.8666953794475712 
-.170147046831583  .9782563106437144 -.1185941530609282 
 .3398418 -.1875697  .3321355  1.29571E-03  1.080965E-02  9.18728E-03 
 .1636546  31307.85  685.2648 -230.5585  35.42112357410305 
 
 .1046006944444444  3.159982616537148 
 3021135.499457842 -18156620.67012776  10020348.52591709 
 1891.830895441238  391.1238319315463 -343.4256380077305 
 .869499205953824  9.125498376113217D-02 -.4854314151189899 
-.4642325770226722 -.1846799601863436 -.8662455926216643 
-.1686986819052177  .9785529317539882 -.1182155424600171 
 .3407437 -.1869045  .3329128  .0188787  1.027303E-02  1.347893E-02 
 .1639289  31283.74  685.2374 -230.3405  35.49486446894532 
 
 .1046006944444444  3.264583310981593 
 3021333.368337919 -18156579.79934276  10020312.55672852 
 1891.48777423775  390.3391442741518 -344.3171874889214 
 .8689729297631448  8.992498390340167D-02 -.4866205345120874 
-.4659899066279808 -.1822639457369664 -.8658136410367054 
-.1665516564303759  .9791288737211075 -.1164783000645738 
 .3419561 -.1863785  .3351875  3.101768E-02  1.022628E-02  1.558416E-02 
 .1641281  31259.65  685.2043 -230.1174  35.54860114803846 
 
 .1046006944444444  3.369184005426038 
 3021531.20082153 -18156539.0109479  10020276.49408536 
 1891.134982942304  389.5485052117525 -345.2125206830161 
 .8683575794703857  8.855419455564538D-02 -.4879685121018911 
-.4680764322169405 -.1788093791679528 -.8654083773136417 
-.1638888885171663  .9798904839563305 -.1138203482354347 
 .3433459 -.185907  .3385026  3.939841E-02  1.047495E-02  1.699099E-02 
 .1642828  31235.59  685.1658 -229.8925  35.59038574939089 
 
 .1046006944444444  3.473784699870482 
 3021728.995797566 -18156498.30559281  10020240.3374156 
 1890.770616948916  388.7513961725762 -346.1150074441563 
 .8676735313748735  8.712814395544018D-02 -.4894398119098368 
-.4703968618918361 -.1746358334190811 -.8650023803483636 
-.1608397813781432  .9807706216118541 -.1105420847882291 
 .3448826 -.1854569  .3425314  4.518452E-02  1.089779E-02  1.835209E-02 
 .1644342  31211.55  685.1222 -229.667  35.63088583055959 
 
 .1046006944444444  3.578385394314927 
 3021926.751986576 -18156457.68400026  10020204.08585479 
 1890.393362141254  387.9469376897028 -347.0268688852142 
 .8669196220356401  8.563628251100316D-02 -.4910364508336203 
-.4729110803617848 -.1699664514045292 -.8645614584678181 
-.1574975523639399  .9817218712622466 -.106848904929908 
 .3465721 -.18502  .3470432  4.917933E-02  1.138542E-02  1.981722E-02 
 .1646055  31187.53  685.0731 -229.4415  35.67609245493614 
 
 .1046006944444444  3.682986088759372 
 3022124.467992573 -18156417.1469915  10020167.73834713 
 1890.002304373993  387.1341262561797 -347.9495431840896 
 .8660776778159359  8.406425451740106D-02 -.4927906828475853 
-.4756511919338409 -.1647733538258477 -.8640634730625395 
-.153835625265645  .9827425619059222 -.1027212607872021 
 .3484536 -.1846021  .3520604  5.553433E-02  1.200357E-02  2.190337E-02 
 .1648083  31163.54  685.0185 -229.2159  35.72893823329149 
 
 .1046006944444444  3.787586783203816 
 3022322.142320752 -18156376.69550297  10020131.29368364 
 1889.596468446694  386.3117622172795 -348.884520440619 
 .8651479932869409  8.240855607978476D-02 -.4946996862707963 
-.4786112018529456 -.1590338497703749 -.8635042281819426 
-.1498341322011042  .9838277616087374 -9.814615792522505D-02 
 .3505252 -.1841987  .3576039  5.992198E-02  1.262364E-02  2.330713E-02 
 .1650503  31139.57  684.9581 -228.9901  35.79143169392817 
 
 .1046006944444444  3.892187477648261 
 3022519.77337072 -18156336.33060189  10020094.7504963 
 1889.174810627525  385.47854568508 -349.8333521108735 
 .8641523853069878  8.068392695825273D-02 -.4967200005021326 
-.4817140024319495 -.1529126507906461 -.8628843150093582 
-.145575667023149  .9849405185892055 -9.327325453736431D-02 
 .3527357 -.1837984  .3635091  6.295136E-02  1.317497E-02  2.440457E-02 
 .1653359  31115.63  684.8916 -228.7638  35.86469499193751 
 
 .1046006944444444  3.996788172092705 
 3022717.359446145 -18156296.05347767  10020058.10728102 
 1888.736540232462  384.6334394069054 -350.7970877928569 
 .8630987697106723  7.890482307034553D-02 -.4988331811539417 
-.4849173340583349 -.1465246878106232 -.8621981761705115 
-.1411229706804701  .9860550414445618 -8.820296133397273D-02 
 .3550591 -.1834038  .3696605  6.504299E-02  1.362845E-02  2.536613E-02 
 .16566  31091.71  684.8188 -228.5367  35.94736146738246 
 
 .1046006944444444  4.10138886653715 
 3022914.898776576 -18156255.86540926  10020021.36244101 
 1888.281030837958  383.7757689247009 -351.7764507117813 
 .8619896214966866  7.708490926796968D-02 -.5010307467562725 
-.4881959810763125 -.1399498021398433 -.8614399206804588 
-.1365231719999783  .9871534681315601 -8.300273406880465D-02 
 .3574806 -.1830224  .3759781  6.648716E-02  1.398471E-02  2.624444E-02 
 .1660123  31067.81  684.7395 -228.3087  36.03671676183026 
Send.pos.prep: 128.9727      HUDFlags are 0010001000010000
 
 .1036184210526316  4.205007287589781 
 3023110.535187711 -18156216.14385019  10019984.86082833 
 1887.812238055729  382.9133712866063 -352.7626130152077 
 .8608466842576467  7.524870394515472D-02 -.5032699263389282 
-.4914733883208667 -.1334018506003495 -.8606148121132987 
-.131897288732643  .9882011833685366 -7.785580526846578D-02 
 .3599513 -.182652  .3822506  6.559069E-02  1.440255E-02  2.671678E-02 
 .1663817  31044.16  684.6545 -228.082  36.13007217933105 
 
 .1036184210526316  4.308625708642413 
 3023306.122108016 -18156176.51231523  10019948.25620947 
 1887.325779240871  382.0381606522189 -353.7646335286112 
 .8596640026391111  7.337891924191871D-02 -.5055623965223188 
-.4947570248352413 -.126924141524847 -.8597125965544306 
-.1272528543596673  .9891945190452018 -7.280737976502584D-02 
 .3624854 -.1822839  .388432  6.496909E-02  1.480556E-02  2.739773E-02 
 .1667625  31020.53  684.563 -227.8543  36.22569921508261 
 
 .1036184210526316  4.412244129695045 
 3023501.657704495 -18156136.97214213  10019911.54695801 
