main           9.890625      102           1.999999955296516D-02 
main           54.92969      201           1.999999955296516D-02 
main           56.96094      202           5.000000074505806D-02 
main           73.71094      203           5.000000074505806D-02 
main           84.69922      204           5.000000074505806D-02 
main           99.35938      205           5.000000074505806D-02 
main           103.0391      206           5.000000074505806D-02 
main           110.3516      301           5.000000074505806D-02 
 
 1.999999955296516D-02  0 
 3015132.004297971 -18157858.87125979  10021378.85578534 
 1911.882735252152  380.1810395946469 -304.634033203125 
 .9078370955203879  .1314022621767681 -.3982025282339804 
-.4108037213389489  8.825683270858418D-02 -.9074420279082958 
-8.409584134294235D-02  .987392615414495  .1341033649605624 
 0 -.1745329  .6166  0  0  0 
 0  32000  683 -185  0 
Send.pos.prep: 113.6406      HUDFlags are 0000001000010000
 
 1.999999955296516D-02  1.999999955296516D-02 
 3015170.240135471 -18157851.26577484  10021372.76008593 
 1911.701100265319  380.3674723903715 -304.9359213389839 
 .9076976555010738  .1314395949309061 -.3985079661465418 
-.4111103149381937  8.821244727711559D-02 -.9073074854186981 
-8.410276540800027D-02  .9873916128010108  .1341064048468434 
 .251623 -.1747326  .6165526  0 -7.62816E-04  3.377446E-02 
 .1002703  31980.45  681.1978 -200.3283  17.80561351738168 
 
 1.999999955296516D-02  3.999999910593033D-02 
 3015208.472342825 -18157843.65657358  10021366.65834689 
 1911.519720518786  380.5526710537887 -305.2379967200261 
 .9072942910194374  .1315515610336898 -.3993886030836829 
-.4119948639787068  8.808428954555417D-02 -.9069186236870547 
-.08412669932134  .987388142892578  .134116940527446 
 .2523231 -.1753159  .6164152  0 -1.875125E-03  6.369682E-02 
 .1004918  31976.45  681.2202 -200.6556  17.86870716684567 
 
 1.999999955296516D-02  5.999999865889549D-02 
 3015246.700925365 -18157836.04367956  10021360.55056539 
 1911.338618935462  380.7367478775153 -305.540166813538 
 .9066559797263903  .1317377522750682 -.4007743742455247 
-.4133881299445039  8.788210095135511D-02 -.9063040275500057 
-8.417356145111787D-02  .9873813351273601  .1341376553945472 
 .2534735 -.1762442  .6161984  0 -3.293541E-03  8.991957E-02 
 .1006879  31972.44  681.2428 -200.982  17.92556724955806 
 
 1.999999955296516D-02  7.999999821186066D-02 
 3015284.925888829 -18157828.42711382  10021354.43674041 
 1911.157812921314  380.9198433631114 -305.8423450387747 
 .9058099095074124  .1319971649813384 -.402598008285017 
-.4152235505906228  8.761510960388277D-02 -.9054904723982554 
-8.424850665198588D-02  .9873704173237056  .1341709660132227 
 .2550115 -.1774802  .615912  0 -4.980261E-03  .1126126 
 .1008529  31968.43  681.2657 -201.3075  17.9747806267558 
 
 1.999999955296516D-02  9.999999776482582D-02 
 3015323.147239251 -18157820.80689433  10021348.31687259 
 1910.977314724188  381.1021221668692 -306.1444507972367 
 .9047816628171319  .1323283763643309 -.4047954340634855 
-.4174376656967797  8.729201952809663D-02 -.9045031224845659 
-8.435601867969604D-02  .9873547002650496  .1342190671142681 
 .2568776 -.1789879  .6155653  0 -6.902323E-03  .1319596 
 .100982  31964.42  681.2887 -201.6321  18.01514074984286 
 
 1.999999955296516D-02  .119999997317791 
 3015361.364982866 -18157813.18303559  10021342.19096412 
 1910.797132198232  381.2837689526763 -306.4464096581262 
 .9035953581775199  .1327296911639349 -.4073060983628479 
-.4199704513224587  8.692100628485072D-02 -.9033656838083007 
-.0844999922843175  .9873335645818767  .1342839661091185 
 .259016 -.1807332  .6151669  0 -9.030974E-03  .1481551 
 .1010711  31960.4  681.3121 -201.9562  18.04565436573721 
 
 1.999999955296516D-02  .1399999968707561 
 3015399.579126023 -18157805.55554821  10021336.05901863 
 1910.617268848165  381.4649861956558 -306.7481529964326 
 .9022737536090113  .1331992617179267 -.4100732010581823 
-.4227655692594103  8.650971762052841D-02 -.9021005166864625 
-8.468380599070753D-02  .9873064496067141  .1343675093462423 
 .2613743 -.1826837  .6147248  0 -1.134111E-02  .161401 
 .1011167  31956.37  681.3358 -202.2796  18.06543795454843 
 
 1.999999955296516D-02  .1599999964237213 
 3015437.7896751 -18157797.92443861  10021329.92104106 
 1910.437724254398  381.6459909396507 -307.0496178857035 
 .9008383172302349  .1337351845630572 -.4130438555646165 
-.425770539698559  8.606527800191825D-02 -.9007287135687692 
-8.491038649421148D-02  .9872728439151646  .1344714019152997 
 .2639039 -.184809  .6142465  0 -1.381078E-02  .1719041 
 .1011158  31952.35  681.3599 -202.6028  18.07377221281613 
 
 1.999999955296516D-02  .1799999959766865 
 3015475.996636433 -18157790.28970874  10021323.77703755 
 1910.258494461457  381.8270129661319 -307.3507468274269 
 .8993092699487981  .1343355767170603 -.4161691841213797 
-.4289368468868878  8.559429592614481D-02 -.8992701473348493 
-8.518226556563517D-02  .9872322772949645  .1345972224828702 
 .2665596 -.187081  .6137394  0 -1.642078E-02  .1798736 
 .1010659  31948.31  681.3842 -202.9257  18.0700307173653 
 
 1.999999955296516D-02  .1999999955296516 
 3015514.200016247 -18157782.65135586  10021317.62701534 
 1910.079572304035  382.0082924667526 -307.6514874959767 
 .8977059111400124  .1349951122499517 -.4194048363728097 
-.4322199856831539  8.510287337224713D-02 -.8977434961723983 
-8.549842735591376D-02  .9871847955739642  .1347449379652362 
 .2693021 -.1894708  .6132099  0 -1.879749E-02  .185519 
 .1009649  31944.28  681.409 -203.2487  18.05372724079074 
 
 1.999999955296516D-02  .2199999950826168 
 3015552.3998206 -18157775.00937248  10021311.47098266 
 1909.900948425316  382.1900624561927 -307.9517942658168 
 .8960466673510827  .1357046476887883 -.4227110343067478 
-.4355794546164881  .084596630607239 -.8961662506510188 
-8.585399609232701D-02  .9871310240720649  .1349126853539523 
 .2720978 -.1919483  .6126637  0 -.0208837  .1890479 
 .1008145  31940.23  681.4341 -203.5718  18.02528637604286 
 
 1.999999955296516D-02  .239999994635582 
 3015590.596055365 -18157767.36374674  10021305.30894855 
 1909.722613414425  382.3725281698748 -308.2516305664412 
 .8943487495909823  .1364552317987075 -.4260519731438971 
-.4389787040269595  8.408073500318881D-02 -.8945547090100942 
-8.624390712309996D-02  .9870716284627392  .1350984410274877 
 .2749166 -.1944859  .6121061  0 -2.271259E-02  .1906643 
 .1006208  31936.18  681.4597 -203.8952  17.98617611256236 
 
 1.999999955296516D-02  .2599999941885471 
 3015628.78872622 -18157759.71446297  10021299.1409227 
 1909.544557501032  382.5558664215807 -308.5509681861829 
 .8926280735304702  .1372389489191519 -.4293956139096534 
-.4423850448397311  8.355991494573514D-02 -.8929239680490216 
-8.666368586340373D-02  .9870071993221869  .1353003844737382 
 .2777314 -.1970588  .6115423  0 -2.431362E-02  .1905672 
 .1003896  31932.13  681.4857 -204.2192  17.93788596585199 
 
 1.999999955296516D-02  .2799999937415123 
 3015666.97783865 -18157752.06150219  10021292.96691529 
 1909.36677085948  382.7402289560805 -308.8497865086718 
 .8908992572191371  .1380488323886774 -.4327135696537754 
-.4457695243714526  8.303846955065484D-02 -.8912879129194636 
-8.710938312282293D-02  .9869382617219818  .1355168731972275 
 .2805177 -.1996447  .6109768  0 -2.571295E-02  .1889496 
 .1001264  31928.07  681.5121 -204.5437  17.8817324440384 
 
 1.999999955296516D-02  .2999999932944775 
 3015705.163397937 -18157744.40484261  10021286.78693685 
 1909.18924316659  382.9257460420969 -309.1480713820468 
 .8891756196949416  .1388787824515849 -.4359809641772013 
-.4491067755191943  8.252027829748315D-02 -.889659208827997 
-8.757751722256477D-02  .9868652833363177  .1357464217674267 
 .283254 -.2022243  .6104141  0 -2.693379E-02  .1859966 
 9.983587E-02  31924  681.5392 -204.8689  17.81884190340551 
 
 1.999999955296516D-02  .3199999928474426 
 3015743.345409153 -18157736.74446004  10021280.60099813 
 1909.011963769313  383.1125285034694 -309.4458144550183 
 .8874691834663653  .1397234882240695 -.4391762689809655 
-.4523748449346713  8.200881119650472D-02 -.8880492973683768 
-8.806502181839815D-02  .9867886813926443  .1359876840287043 
 .2859214 -.2047805  .6098584  0 -2.799672E-02  .1818853 
 .099522  31919.92  681.5667 -205.195  17.75023379198374 
 
 1.999999955296516D-02  .3399999924004078 
 3015781.523877155 -18157729.08032822  10021274.40911 
 1908.834921750897  383.3006705392572 -309.7430124159537 
 .8857906828065566  .1405783540524349 -.4422811239754672 
-.4555550057135593  8.150713985847048D-02 -.8864683992796417 
-8.856919906159874D-02  .9867088286439922  .136239437952404 
 .2885034 -.2072989  .6093134  0 -2.891999E-02  .1767838 
 9.918848E-02  31915.84  681.5945 -205.5219  17.67678096720136 
 
 1.999999955296516D-02  .359999991953373 
 3015819.698806577 -18157721.41241916  10021268.21128335 
 1908.658105790916  383.4902521523816 -310.0396661907368 
 .8841495789482724  .1414394303046543 -.4452801473237802 
-.4586315599262923  8.101794962477049D-02 -.8849255245941172 
-8.908767751585088D-02  .9866260585417822  .136500572603703 
 .2909862 -.2097668  .6087826  0 -2.971977E-02  .1708506 
 9.883837E-02  31911.75  681.623 -205.8498  17.5992281188981 
 
 1.999999955296516D-02  .3799999915063381 
 3015857.870201823 -18157713.74070341  10021262.00752903 
 1908.481504058551  383.6813402447052 -310.3357803046906 
 .8825540854149672  .1423033484455609 -.4481607338205033 
-.4615916303960409  8.054355364380614D-02 -.8834284932662925 
-8.961837459849084D-02  .9865406697078473  .1367700769419832 
 .2933582 -.212174  .6082691  0 -3.041036E-02  .1642342 
 9.847429E-02  31907.66  681.6521 -206.1787  17.51825906018123 
 
 1.999999955296516D-02  .3999999910593033 
 3015896.038067055 -18157706.06515027  10021255.79785774 
 1908.305104514267  383.8739906772012 -310.6313623949608 
 .8810112015322107  .1431672605807844 -.4509128499749859 
-.4644249498248126  8.008590822329455D-02 -.881983964301092 
-9.015946292536672D-02  .9864529298460434  .1370470300413899 
 .2956102 -.2145117  .6077752  0 -3.100445E-02  .1570727 
 9.809872E-02  31903.56  681.6817 -206.5086  17.43445219324377 
 
 1.999999955296516D-02  .4199999906122684 
 3015934.202406197 -18157698.38572804  10021249.58228003 
 1908.128894929906  384.0682495596349 -310.9264226810699 
 .8795267536577724  .1440287837643632 -.4535288293455866 
-.467123650819727  7.964662932056472D-02 -.880597472902757 
-9.070934045107829D-02  .9863630791373074  .1373305926212348 
 .2977348 -.2167732  .6073036  0 -3.151324E-02  .1494941 
 9.771368E-02  31899.45  681.7117 -206.8397  17.34831719713648 
 
 1.999999955296516D-02  .4399999901652336 
 3015972.363222923 -18157690.70240417  10021243.3608062 
 1907.952862940163  384.2641548567074 -311.220973452863 
 .8781054450456089  .144885948419344 -.4560031681160561 
-.4696820567324995  7.922701048163279D-02 -.8792734764529588 
-9.126660377587216D-02  .98627133323481  .1376199995438438 
 .2997266 -.2189534  .6068559  0 -3.194667E-02  .1416158 
 9.732096E-02  31895.33  681.7424 -207.172  17.26027985767389 
 
 1.999999955296516D-02  .4599999897181988 
 3016010.520520659 -18157683.01514542  10021237.13344632 
 1907.776995978155  384.4617370388326 -311.5150286138022 
 .8767509133727579  .145737151029062 -.4583323234400634 
-.4720964758350842  7.882804201286067D-02 -.8780154083480038 
-9.183002452427121D-02  .9861778858818272  .1379145532332275 
 .3015821 -.2210482  .6064337  0 -3.231352E-02  .1335448 
 9.692208E-02  31891.21  681.7734 -207.5054  17.17072918883054 
 
 1.999999955296516D-02  .4799999892711639 
 3016048.674302582 -18157675.32391802  10021230.90021014 
 1907.601281606525  384.6610203224116 -311.8086034117666 
 .8754657945583703  .1465811108195055 -.4605145171535865 
-.4743650013650315  7.845043106305565D-02 -.8768257383003615 
-9.239852833370622D-02  .9860829112285334  .1382136177980474 
 .3032992 -.2230554  .6060383  0 -3.262156E-02  .1253783 
 9.651846E-02  31887.07  681.8051 -207.8401  17.07999160177203 
 
 1.999999955296516D-02  .4999999888241291 
 3016086.824571619 -18157667.62868776  10021224.66110711 
 1907.425707359535  384.8620228756051 -312.1017140334305 
 .8742550519401138  .1474155775812542 -.4625437834881946 
-.4764750029547189  7.802710768735793D-02 -.8757187573789007 
-9.300363281339755D-02  .985992098321447  .1384554308475478 
 .3048722 -.224969  .605602 -6.947109E-03 -3.280365E-02  .1165332 
 9.611128E-02  31882.93  681.8375 -208.176  16.98838258059806 
 
 1.999999955296516D-02  .5199999883770943 
 3016124.971330566 -18157659.92942021  10021218.41614652 
 1907.250272543626  385.0647490476259 -312.3943586277306 
 .8731225113912195  .1482379739717858 -.4644163898643428 
-.4784158329868145  7.749067924329568D-02 -.8747076570934684 
-.0936769494028362  .9859111003042577  .1385782502683076 
 .3062978 -.2267843  .6050569 -1.389466E-02 -3.288978E-02  .1078344 
 9.570308E-02  31878.79  681.8702 -208.5131  16.89652773183614 
 
 1.999999955296516D-02  .5399999879300594 
 3016163.114582323 -18157652.22608101  10021212.1653379 
 1907.0749884809  385.2691890602007 -312.6865176800006 
 .872067672541019  .1490466883879596 -.4661363096664665 
-.4801909260641513  .076840952023137 -.873791818809166 
-9.441741912667512D-02  .9858400239251599  .1385813775104626 
 .3075801 -.2285017  .6044027 -2.084262E-02 -3.288934E-02  9.934046E-02 
 9.529652E-02  31874.63  681.9037 -208.8515  16.80507169821526 
 
 1.999999955296516D-02  .5599999874830246 
 3016201.254330023 -18157644.51863603  10021205.90869113 
 1906.899866751775  385.4753257668678 -312.9781727785607 
 .8710893865031056  .1498404217367047 -.467708380014095 
-.4818045827046702  7.607755505881302D-02 -.8729699592202766 
-9.522407682104962D-02  .9857789070730004  .1384641526299826 
 .3087236 -.2301226  .6036388 -2.779095E-02 -3.281083E-02  9.110145E-02 
 9.489308E-02  31870.47  681.9377 -209.1911  16.71440050830468 
 
 1.999999955296516D-02  .5799999870359898 
 3016239.390577033 -18157636.80705157  10021199.64621648 
 1906.724919461913  385.6831372889794 -313.2693063431768 
 .8701859348298835  .1506181514037357 -.4691381580003514 
-.4832618240410012  7.519995993279048D-02 -.8722402051331219 
-9.609603659259651D-02  .9857277202624605  .1382259500143382 
 .309734 -.2316489  .6027648 -3.473962E-02 -3.266186E-02  8.315949E-02 
 9.449387E-02  31866.3  681.972 -209.5319  16.62476905038539 
 
 1.999999955296516D-02  .5999999865889549 
 3016277.523326966 -18157629.09129441  10021193.37792454 
 1906.550159164348  385.8925957926081 -313.5599015220835 
 .8693549672103301  .1513791191547806 -.4704320389499932 
-.4845688044921505  7.421046963635862D-02 -.8715996098607427 
-9.703099865390089D-02  .9856861409598257  .1378688391912867 
 .3106174 -.2330833  .6017826 -4.138295E-02 -3.244932E-02  7.557808E-02 
 9.410015E-02  31862.12  682.007 -209.8738  16.53649101737255 
 
 1.999999955296516D-02  .6199999861419201 
 3016315.652583691 -18157621.37133194  10021187.10382624 
 1906.375598488606  386.1036686429449 -313.8499428408513 
 .8685935513506712  .1521228027052943 -.4715971749799974 
-.4857328331400973  7.311512779880323D-02 -.8710440820628189 
-9.802477932503928D-02  .98565350452583  .1373983684554755 
 .3113809 -.2344292  .600698 -4.762972E-02 -3.217904E-02  6.838996E-02 
 9.371296E-02  31857.93  682.0426 -210.2168  16.44982555822683 
 
 1.999999955296516D-02  .6399999856948853 
 3016353.778351319 -18157613.64713224  10021180.82393278 
 1906.201249557901  386.316318833849 -314.1394171181998 
 .8678984164720218  .1528488598738068 -.4726410527246162 
-.4867616470610958  7.192054432877874D-02 -.8705690864335931 
-9.907289051867491D-02  .9856290688381349  .1368206893183379 
 .3120317 -.2356904  .5995175 -5.350357E-02 -3.185638E-02  6.161002E-02 
 9.333325E-02  31853.74  682.0787 -210.5609  16.36501359003176 
 
 1.999999955296516D-02  .6599999852478504 
 3016391.900634203 -18157605.91866417  10021174.53825561 
 1906.027124037144  386.5305053432552 -314.4283135396188 
 .86726607360161  .1535570946516089 -.4735713000824719 
-.4876631108847978  7.063281156310444D-02 -.8701699237579128 
-.1001710929450575  .9856121065677141  .1361415716280111 
 .3125773 -.2368709  .5982469 -5.902673E-02 -.0314864  5.524818E-02 
 9.296195E-02  31849.54  682.1152 -210.906  16.28227853322436 
 
 1.999999955296516D-02  .6799999848008156 
 3016430.019436923 -18157598.18589746  10021168.24680638 
 1905.853233182306  386.7461833084079 -314.7166233512315 
 .8666928717688381  .1542474351133919 -.4743956099986837 
-.488445143341294  6.925754637812957D-02 -.869841786887698 
-.1013153886208122  .9856019079885248  .1353664323161125 
 .3130252 -.237975  .5968915 -6.422012E-02 -3.107394E-02  4.930984E-02 
 9.259992E-02  31845.33  682.1524 -211.2521  16.20183255103676 
 
 1.999999955296516D-02  .6999999843537807 
 3016468.134764283 -18157590.44880276  10021161.94959689 
 1905.679587990184  386.9633038136012 -315.0043396682083 
 .866175050580098  .1549199130451551 -.4751216710429501 
-.4891156500069954  6.779992979630084D-02 -.8695798125749301 
-.1025020130085173  .9855977831051049  .1345003615887464 
 .3133828 -.2390068  .5954562 -.0691034 -3.062352E-02  4.379616E-02 
 9.224802E-02  31841.11  682.1901 -211.5991  16.12389693439289 
 
 1.999999955296516D-02  .7199999839067459 
 3016506.246621303 -18157582.70735174  10021155.64663907 
 1905.506199241423  387.1818151091687 -315.2914571350511 
 .8657087885499155  .1555746455409569 -.4757571051411028 
-.4896824627433794  6.626474404368653D-02 -.8693791286765533 
-.1037274269854203  .9855990631903164  .1335481468585543 
 .3136578 -.2399708  .5939455 -7.369509E-02 -3.013944E-02  3.870463E-02 
 9.190688E-02  31836.88  682.2283 -211.947  16.0486300585863 
 
 1.999999955296516D-02  .7399999834597111 
 3016544.355013222 -18157574.96151715  10021149.33794492 
 1905.33307778808  387.4016617730348 -315.5779719139739 
 .8652902463306301  .1562118184919129 -.4763094134788082 
-.4901532869585191  6.465640731125273D-02 -.869234895915575 
-.1049883083435309  .9856051018318899  .1325142949047863 
 .3138573 -.2408713  .5923634 -7.801257E-02 -2.962572E-02  3.402942E-02 
 9.157735E-02  31832.65  682.2669 -212.2957  15.97623228550966 
 
 1.999999955296516D-02  .7599999830126762 
 3016582.459945493 -18157567.21127285  10021143.02352653 
 1905.160234527038  387.6227853836003 -315.8638813991727 
 .8649156054197962  .156831671882928 -.4767859291083499 
-.4905356552611553  6.297900599156539D-02 -.8691423449135492 
-.1062815431710316  .9856152756013469  .1314030520287265 
 .3139885 -.2417128  .5907138 -8.207221E-02 -2.908613E-02  .0297619 
 9.126007E-02  31828.41  682.306 -212.6453  15.90686807888255 
 
 1.999999955296516D-02  .7799999825656414 
 3016620.56142379 -18157559.45659392  10021136.70339601 
 1904.987680312165  387.8451255468272 -316.1491838968071 
 .8645811025979422  .1574344867757098 -.4771937755296006 
-.4908368868119279  6.123632428099558D-02 -.8690968088385361 
-.1076042172746988  .9856289844369536  .1302184221317314 
 .3140585 -.2424994  .589 -8.588938E-02 -2.852416E-02  .0258908 
 .0909555  31824.16  682.3457 -212.9955  15.84064804443627 
 
 1.999999955296516D-02  .7999999821186066 
 3016658.659454003 -18157551.69745664  10021130.37756553 
 1904.815426096645  388.0686191401317 -316.4338785893184 
 .8642830608862739  .1580205736402822 -.477539829722557 
-.4910640509757938  5.943187229569954D-02 -.8690937523620049 
-.1089536071192482  .9856456517744207  .1289641835312452 
 .314074 -.2432355  .5872253 -8.947857E-02 -2.794306E-02  2.240264E-02 
 9.066418E-02  31819.91  682.3859 -213.3464  15.77771994876982 
 
 1.999999955296516D-02  .8199999816715717 
 3016696.754042243 -18157543.93383861  10021124.04604723 
 1904.643483045875  388.2932010247538 -316.7179653934432 
 .8640179152163098  .1585902623892405 -.477830692673224 
-.4912239382965776  5.756891146819524D-02 -.8691287953328704 
-.1103271708585931  .9856647244918921  .1276439041343528 
 .3140414 -.2439249  .5853926 -9.285338E-02 -2.734584E-02  1.928221E-02 
 9.038657E-02  31815.64  682.4265 -213.6979  15.7181955654173 
 
 1.999999955296516D-02  .8399999812245369 
 3016734.845194848 -18157536.16571873  10021117.70885327 
 1904.471862601669  388.518804520421 -317.0014448299189 
 .863782233652996  .1591438939252575 -.4780726658696842 
-.4913230373410634  5.565047782214255D-02 -.8691977319897461 
-.1117225393704971  .9856856726890537  .1262609553747084 
 .3139669 -.2445717  .5835046 -.0960266 -2.673524E-02  1.651283E-02 
 9.012308E-02  31811.37  682.4677 -214.05  15.66216227406259 
 
 1.999999955296516D-02  .8599999807775021 
 3016772.932918385 -18157528.39307724  10021111.36599579 
 1904.300576251938  388.7453615173515 -317.2843177697441 
 .8635727356266875  .1596818128137813 -.4782717312770462 
-.491367514927243  5.367940346998422D-02 -.8692965471674966 
-.1131375072929581  .985707989365821  .124818524842768 
 .3138564 -.2451795  .5815639 -9.901027E-02 -.0261138  1.407656E-02 
 8.987393E-02  31807.1  682.5093 -214.4025  15.60969856773951 
 
 1.999999955296516D-02  .8799999803304672 
 3016811.017219653 -18157520.61589578  10021105.0174869 
 1904.129635708554  388.9728024445768 -317.566585434908 
 .863386306466692  .1602043612112467 -.478433536089078 
-.4913632010493539  5.165833601687748D-02 -.8694214288677838 
-.1145700242661002  .9857311900152405  .1233196276786524 
 .3137154 -.2457519  .5795728 -.1018157 -2.548381E-02  1.195461E-02 
 8.963944E-02  31802.81  682.5513 -214.7555  15.56088506004265 
 
 1.999999955296516D-02  .8999999798834324 
 3016849.09810569 -18157512.83415736  10021098.66333869 
 1903.95905303001  389.2010570853207 -317.84824932945 
 .8632200082123068  .1607118739900657 -.4785633824067043 
-.4913155787329579  .0495897564726372 -.8695687771230532 
-.1160181861444256  .9857548121168793  .1217671173682437 
 .3135491 -.2462921  .5775336 -.1044535 -2.484733E-02  1.012752E-02 
 8.941983E-02  31798.52  682.5938 -215.1088  15.51576206622117 
 
 1.999999955296516D-02  .9199999794363976 
 3016887.175583774 -18157505.04784641  10021092.30356323 
 1903.788840520026  389.4300543876657 -318.1293111216969 
 .863071087404282  .1612046747109613 -.4786662208033096 
-.4912297776730165  4.747599503635802D-02 -.869735209947617 
-.117480226481345  .985778414628074  .1201636951797464 
 .3133625 -.2468034  .5754483 -.1069338 -2.420626E-02  8.575486E-03 
 8.921526E-02  31794.22  682.6366 -215.4625  15.47437759493109 
 
 1.999999955296516D-02  .9399999789893627 
 3016925.249661434 -18157497.25694881  10021085.93817253 
 1903.619010585054  389.6597232996163 -318.4097724549084 
 .8629369801215233  .1616830726635066 -.4787466473541429 
-.4911105713899702  4.531924579159172D-02 -.8699175665716247 
-.1189545081439179  .9858015773851079  .1185119193046421 
 .3131599 -.2472887  .573319 -.1092658 -2.356225E-02  7.278488E-03 
 8.902575E-02  31789.91  682.6801 -215.8163  15.43673621225248 
 
 1.999999955296516D-02  .9599999785423279 
 3016963.320346446 -18157489.46145183  10021079.5671786 
 1903.449575756806  389.8899920627637 -318.689634950635 
 .8628153151412045  .1621473604669765 -.4788089028530854 
-.4909623764969409  4.312157973636133D-02 -.8701129088948832 
-.1204395152026891  .9858239005292129  .1168142128471882 
 .3129455 -.2477506  .5711474 -.1114585 -2.291678E-02  6.216443E-03 
 8.885138E-02  31785.6  682.7239 -216.1704  15.40287717670546 
 
 1.999999955296516D-02  .979999978095293 
 3017001.387646841 -18157481.6613442  10021073.19059339 
 1903.280548862137  390.120789050834 -318.9689002176868 
 .8627046639410988  .1625977085057385 -.4788555606891893 
-.4907858670360664  4.086838463843893D-02 -.8703212095856908 
-.1219421811020747  .9858457081743197  .1150580033823866 
 .3127219 -.2481907  .5689187 -.1152262 -2.226726E-02  5.217847E-03 
 8.869218E-02  31781.27  682.7681 -216.5246  15.37279892382996 
 
 1.999999955296516D-02  .9999999776482582 
 3017039.451570934 -18157473.85661605  10021066.80842888 
 1903.111945446719  390.3520426958876 -319.247565404205 
 .862603658377452  .1630342544537083 -.4788890899034542 
-.4905816293110795  3.854590814678997D-02 -.8705422895802505 
-.123468998280222  .9858671537483441  .1132314515663197 
 .3124915 -.2486107  .5666186 -.1187687 -2.161535E-02  4.441576E-03 
 8.854815E-02  31776.94  682.8128 -216.8788  15.34649335129771 
 
 .1  1.099999977648258 
 3017229.720828447 -18157434.76358195  10021034.81409601 
 1902.273204825859  391.5086394511897 -320.6390920255417 
 .8622742853456924  .1644928079734333 -.4789834787929431 
-.4892154401964288  2.596733607915464D-02 -.871776319092441 
-.1309630096820804  .9860364159512396  .1028633876218544 
 .3115881 -.2500013  .5540484 -.1354227 -7.743057E-03  1.557933E-03 
 8.841937E-02  31755.18  683.0425 -218.6487  15.335583719281 
 
 .1  1.199999977648258 
 3017419.906918376 -18157395.55530178  10021002.68133009 
 1901.448593749708  392.656963845486 -322.0162262531833 
 .8621597099629182  .1644558387262857 -.4792023702210684 
-.4875292371188054  1.199577298564691D-02 -.8730242518881314 
-.1378255327252949  .986311501777866  .0905193017520458 
 .3114809 -.2500844  .539866 -.1471  8.622332E-03  3.360395E-03 
 8.852563E-02  31733.23  683.2809 -220.4026  15.41964545479049 
 
 .1  1.299999977648258 
 3017610.011578546 -18157356.2344483  10020970.41149974 
 1900.644609651067  393.7601057515334 -323.3803808162398 
 .8621518829957999  .1627602761931151 -.4797949803200705 
-.4858439390871592 -3.004022873585337D-03 -.8740404125089678 
-.1437003740394167  .9866610706519815  7.648616973555306D-02 
 .3124869 -.2488532  .5244139 -.1552866  2.587602E-02  6.656406E-03 
 9.017682E-02  31711.09  683.5248 -222.1081  15.89137807309488 
 
 .1  1.399999977648259 
 3017800.037232378 -18157316.80752515  10020938.0058871 
 1899.86846698336  394.7783572564882 -324.7318719113794 
 .8622535337774629  .1593377575392955 -.4807601507099207 
-.4842511609776874 -1.874738213942062D-02 -.8747281570606261 
-.1483902172652852  .9870461056532597  6.099449757719329D-02 
 .3146268 -.2462467  .5079855 -.1610254  4.343003E-02  9.433549E-03 
 9.348369E-02  31688.77  683.7697 -223.7301  16.77939893457534 
 
 .1  1.499999977648259 
 3017989.987025041 -18157277.28501013  10020905.46583426 
 1899.127386268234  395.6719431000669 -326.0691849412386 
 .8624967339495661  .1543735994615222 -.4819420875122077 
-.4827078008168515 -3.501023856176922D-02 -.8750814031999572 
-.1519623734905764  .9873920573840669  4.432112428593182D-02 
 .317653 -.2423517  .4908556 -.1650482  5.673105E-02  1.075008E-02 
 .0984399  31666.28  684.01 -225.2322  18.08242399526518 
 
 .1  1.599999977648259 
 3018179.864761726 -18157237.68105279  10020872.79295527 
 1898.427347435  396.4072037044353 -327.3883949121987 
 .8628737612716672  .148395564254906 -.4831434865734542 
-.481160019967584 -5.141620622073304D-02 -.8751236535042695 
-.1547058734944455  .9875905681239235  2.703631740798789D-02 
 .321126 -.2375463  .4734925 -.1636965  6.353379E-02  1.082273E-02 
 .1047822  31643.64  684.2399 -226.5826  19.7345015855175 
 
 .1  1.699999977648259 
 3018369.674708681 -18157198.01245877  10020839.98935129 
 1897.771591657593  396.9646767886342 -328.6836846374596 
 .8633768101821806  .1419574987886622 -.48417822356784 
-.4795197163339816 -6.769120981780224D-02 -.8749164198712808 
-.1569755563347993  .9875555521848217  9.628398740754022D-03 
 .3246094 -.2322364  .4562534 -.1627488  6.574657E-02  9.067627E-03 
 .1119176  31620.86  684.4535 -227.7612  21.58853182258662 
 
 .1  1.799999977648259 
 3018559.421328322 -18157158.29726737  10020807.05774192 
 1897.160801155396  397.3391511741034 -329.9485029128825 
 .8640157109707454  .1354462846509261 -.4849032431011129 
-.4776622025062902 -8.384493047619833D-02 -.8745335030347783 
-.159108992494316  .9872306374944513 -7.745766569029934D-03 
 .3277873 -.2266959  .4391789 -.1620843  6.500353E-02  6.307062E-03 
 .1192604  31597.98  684.6461 -228.7602  23.49898391877644 
 
 .1  1.899999977648259 
 3018749.1090821 -18157118.55356053  10020774.00150605 
 1896.594274403756  397.5349855943531 -331.1762144588958 
 .8647869552842575  .1290944170678463 -.4852609127594099 
-.4755259604046376 -9.988995826202893D-02 -.8740120463813164 
-.161302767959603  .9865883780586115 -2.499578620982714D-02 
 .3305013 -.2211045  .4222787 -.161618  6.281134E-02  3.232568E-03 
 .1264257  31575  684.8144 -229.5803  25.36964250745422 
 
 .1  1.999999977648259 
 3018938.742329312 -18157078.79871027  10020740.82466042 
 1896.070669844396  397.5620196981849 -332.360698009464 
 .8656794559239507  .1230000752242398 -.4852525745279905 
-.4730988935311672 -.1158405383532412 -.8733604104913479 
-.1636353156589274  .9856226210720112 -4.208957472273327D-02 
 .332714 -.2155515  .4055405 -.1612909  .060325  3.088716E-04 
 .1332006  31551.95  684.9565 -230.2273  27.14660612747026 
 
 .1  2.099999977648259 
 3019128.325288963 -18157039.04900206  10020707.53179867 
 1895.58852316252  397.4321443873451 -333.4965370319894 
 .8665423058455815  .1173934192043802 -.4851012443885571 
-.470816281616816 -.1302968555349412 -.8725564499802984 
-.165639551871939  .9845006422370735 -5.763700452358624D-02 
 .3345529 -.2103717  .3903813 -.1318409  5.314779E-02  1.873143E-03 
 .1395128  31528.85  685.0711 -230.7091  28.81017616079408 
 
 .104296875  2.204296852648259 
 3019326.005069667 -18156997.61273082  10020672.69004071 
 1895.124874605707  397.1510345234433 -334.6300576923313 
 .8673250486438294  .1123784386446254 -.4848900354954455 
-.4688302846592383 -.1427352274131416 -.8716793097473724 
-.1671688493150432  .9833604330982174 -.0711114226799707 
 .3360334 -.2057034  .3773313 -.110268  4.424918E-02  5.630651E-05 
 .1451301  31504.72  685.1634 -231.0554  30.30125129230231 
 
 .104296875  2.30859372764826 
 3019523.638260332 -18156956.21232455  10020637.7325714 
 1894.695111199164  396.7443965775948 -335.715421145438 
 .8680737674534199  .1082429638925167 -.4844908616547773 
-.4669555612814884 -.1532656091503215 -.870897328529644 
-.168524295125407  .9822388272816053 -8.250120079696098D-02 
 .3369191 -.2017307  .3663101 -.0953847  3.667794E-02 -2.140677E-03 
 .1499568  31480.57  685.2302 -231.2651  31.59319242960069 
 
 .104296875  2.41289060264826 
 3019721.228090423 -18156914.85950921  10020602.66414099 
 1894.293390912462  396.2384292679299 -336.7578510693731 
 .8687912063460838  .1048253500902789 -.4839560783316666 
-.4651370125948682 -.1624776739741641 -.8702003016399535 
-.1698511091810619  .9811282543268207 -9.240102419111629D-02 
 .3373386 -.1983339  .3566979 -8.511199E-02  3.085901E-02 -3.170172E-03 
 .1537608  31456.41  685.2759 -231.3641  32.62556189116351 
 
 .104296875  2.51718747764826 
 3019918.777256913 -18156873.56353654  10020567.48899789 
 1893.91534476794  395.654380108271 -337.7617469512386 
 .8694472498593766  .1018987627028726 -.4834026498392305 
-.463427290376511 -.170788207943417 -.8695208649375589 
-.1711625725626101  .9800245048911271 -.101268670212704 
 .3375158 -.1953731  .3480416 -7.801889E-02  2.731971E-02 -2.798177E-03 
 .1567395  31432.25  685.3044 -231.3736  33.44787420174111 
 
 .104296875  2.62148435264826 
 3020116.288069976 -18156832.33175882  10020532.21099115 
 1893.557924463661  395.0074248340899 -338.7303673157525 
 .8698974332876527  9.937457512878101D-02 -.4831181526060963 
-.4622709326520101 -.1773073169376645 -.868831226525271 
-.1720001173970346  .9791255329008329 -.108301202380516 
 .3377833 -.1929304  .3412198 -4.963061E-02  2.214742E-02  2.320652E-03 
 .1591316  31408.1  685.319 -231.3088  34.12007520970377 
 
 .104296875  2.72578122764826 
 3020313.762425416 -18156791.17002894  10020496.83346905 
 1893.216232294243  394.3111406248597 -339.6700565332783 
 .87009199130129  9.729498197547759D-02 -.4831910731333378 
-.461857583298966 -.1814074755168188 -.8682044117463658 
-.1721264053612742  .9785831667819581 -.1129047663670585 
 .3382102 -.1910927  .3368724 -3.001841E-02  1.738877E-02  4.240329E-03 
 .1609885  31383.96  685.3217 -231.1852  34.64979436219591 
 
 .104296875  2.83007810264826 
 3020511.20154074 -18156750.08266664  10020461.35900613 
 1892.882158941718  393.5813499682451 -340.5893072515877 
 .8701378582787818  9.561088830950201D-02 -.4834445838218501 
-.4618812418970684 -.1838285552070416 -.8676824192491819 
-.1718308062415922  .9782973067156829 -.1157953094870634 
 .3386391 -.1897144  .3342558 -1.646614E-02  1.381636E-02  5.432501E-03 
 .1622616  31359.85  685.3145 -231.0217  35.00742327501418 
 
 .104296875  2.934374977648261 
 3020708.605995535 -18156709.07256635  10020425.78936206 
 1892.551580944375  392.8295618625554 -341.4952533337378 
 .8700687147053212  9.418667132795754D-02 -.48384842940242 
-.4622315628407868 -.1850923771732813 -.8672270718941534 
-.1712378871768541  .9781971595013464 -.1175070344222162 
 .3391012 -.1886557  .3328294 -7.099783E-03  1.177719E-02  6.919896E-03 
 .1630555  31335.75  685.3 -230.8323  35.24137520514289 
 
 .104296875  3.038671852648261 
 3020905.976006456 -18156668.14161982  10020390.12566335 
 1892.221662183484  392.0634953394923 -342.3929016034444 
 .8698917591879128  9.286886902276069D-02 -.4844209950687422 
-.4628782175806743 -.1855638781880384 -.8667812889080798 
-.1703880365116486  .9782338269954928 -.1184335118767359 
 .3396853 -.1877889  .3322072 -6.257048E-04  1.107083E-02  8.847685E-03 
 .1635265  31311.68  685.2808 -230.6264  35.39208344189228 
 
 .104296875  3.142968727648261 
 3021103.311391418 -18156627.2909952  10020354.36866491 
 1891.887592518598  391.2893062682287 -343.2843719770827 
 .8695503657550142  9.155672065024009D-02 -.4852829363568161 
-.4640234937917965 -.184823900518926 -.8663269146264729 
-.1690099364669849  .978497569082695 -.1182292209002567 
 .3405604 -.1870923  .3327996  1.721681E-02  1.047029E-02  1.317841E-02 
 .1638338  31287.63  685.2551 -230.4112  35.47453178890886 
 
 .104296875  3.247265602648261 
 3021300.611596106 -18156586.52146766  10020318.51878964 
 1891.547044188245  390.5083754079698 -344.1739103521419 
 .8690435851883529  9.021880466929912D-02 -.4864399390747182 
-.465722578099096 -.1825724308292907 -.8658924804788495 
-.1669303066902597  .9790443681392208 -.1166464655408348 
 .3417458 -.1865408  .3349086  2.955086E-02  .0103684  1.529379E-02 
 .1640594  31263.6  685.2237 -230.1901  35.5352633165475 
 
 .104296875  3.351562477648261 
 3021497.875798529 -18156545.83372055  10020282.57597326 
 1891.197212021323  389.7210823715365 -345.0666133750931 
 .8684471643912002  8.884462298518796D-02 -.4877562461183889 
-.4677543351616348 -.1792684297902421 -.8654875574022063 
-.1643332120977967  .9797803136658545 -.1141277019590762 
 .343107 -.1860481  .3380731  3.807728E-02  1.057723E-02  .0167002 
 .1642339  31239.6  685.1868 -229.9664  35.58233420943541 
 
 .104296875  3.455859352648261 
 3021695.102929468 -18156505.22843766  10020246.53970676 
 1890.836160299472  388.9270389970337 -345.9659127362946 
 .8677819633550741  8.741814717412079D-02 -.4891958009021086 
-.4700225442870705 -.1752349318759754 -.8650846932597586 
-.161348293878555  .9806379485799361 -.1109772132800849 
 .3446137 -.1855795  .3419626  4.397161E-02  1.097712E-02  1.806195E-02 
 .1643996  31215.62  685.1444 -229.7417  35.62670576395068 
 
 .104296875  3.560156227648262 
 3021892.291749132 -18156464.70636463  10020210.40918393 
 1890.462553849412  388.1254475002064 -346.874075681078 
 .8670469647098554  .0859271014846001 -.4907607301097767 
-.4724869124539988 -.1706978098389445 -.8646492787690708 
-.1580685881100765  .9815695548185275 -.107403587026897 
 .3462729 -.1851251  .3463435  4.804641E-02  1.145719E-02  1.953358E-02 
 .1645819  31191.67  685.0969 -229.5164  35.67487986401741 
 
 .104296875  3.664453102648262 
 3022089.440899611 -18156424.26833871  10020174.18340367 
 1890.075462821329  387.315349145056 -347.7925720627514 
 .8662229487113481  8.435650378215671D-02 -.4924853128728482 
-.4751830373934608 -.1656207300087857 -.8641590448319577 
-.1544632127703584  .9825750628125096 -.1033796974248384 
 .3481258 -.1846915  .3512467  5.468066E-02  1.205596E-02  2.166798E-02 
 .1647935  31167.74  685.0435 -229.2907  35.73016695240019 
 
 .104296875  3.768749977648262 
 3022286.548922235 -18156383.91530821  10020137.86120751 
 1889.673884887613  386.495572825913 -348.7229497618511 
 .8653098197421071  8.270334850868002D-02 -.4943673452032739 
-.4781063690185751 -.159974988801565 -.863610040968615 
-.150509852706576  .9836504252545161 -9.888693106196524D-02 
 .3501712 -.1842748  .3566991  5.926706E-02  1.265697E-02  .0230904 
 .1650428  31143.83  684.9844 -229.0643  35.79468295765273 
 
 .104296875  3.873046852648262 
 3022483.614249557 -18156343.64834797  10020101.44127124 
 1889.256736420094  385.664863266709 -349.6668392739473 
 .8643302289697696  8.098254928733617D-02 -.4963618458342551 
-.4811770325151536 -.1539316233099528 -.8630027339035915 
-.1462939461118449  .9847572706286998 -.0940808124695874 
 .3523561 -.1838629  .3625297  6.243779E-02  1.319226E-02  2.419978E-02 
 .1653334  31119.95  684.9193 -228.8372  35.86936678492364 
 
 .104296875  3.977343727648262 
 3022680.635214897 -18156303.46865014  10020064.92212784 
 1888.823198194915  384.8222262486228 -350.6253487730722 
 .8632922227090049  7.920819058331918D-02 -.4984501988711224 
-.4843517368192942 -.1476101797151431 -.8623309282894797 
-.1418799959482589  .9858688033348956 -.0890660954614174 
 .3546545 -.1834581  .3686183  6.462985E-02  1.363472E-02  2.517571E-02 
 .1656604  31096.09  684.8477 -228.6092  35.95291365498851 
 
 .104296875  4.081640602648262 
 3022877.610075155 -18156263.37749214  10020028.30221258 
 1888.372623970256  383.9670206953345 -351.5992434634027 
 .8621981689232112  7.739335473481215D-02 -.5006241965270479 
-.4876049481256312 -.1410938334510419 -.8615880365496551 
-.1373161755543068  .9869664628572647 -.0839134621271084 
 .3570521 -.1830676  .3748813  6.614534E-02  1.398522E-02  2.607236E-02 
 .166014  31072.26  684.7698 -228.3801  36.04273339661398 
Send.pos.prep: 119.6797      HUDFlags are 0010001000010000
 
 .104296875  4.185937477648262 
 3023074.537025973 -18156223.37620052  10019991.57989281 
 1887.90448535315  383.0989460700151 -352.5890607562395 
 .8610579818370457  7.554454428226977D-02 -.5028639714116502 
-.4908932488848796 -.1345287691662398 -.8607704853594039 
-.1326761851801609  .9880258256218812 -7.875276369905336D-02 
 .3595256 -.182686  .3811724  6.545004E-02  1.439916E-02  2.659626E-02 
 .1663837  31048.45  684.6853 -228.1499  36.13615530139415 
 
 .1042351973684211  4.290172675016684 
 3023271.297809878 -18156183.4897007  10019954.77531299 
 1887.418800294007  382.2183520860538 -353.5942774871768 
 .8598765100552824  7.366251023296702D-02 -.5051596005633515 
-.4941917004421424 -.1280208583380674 -.8598751206102477 
-.1280115255328617  .9890320997907812 -7.367872769115255D-02 
 .3620651 -.1823083  .3873852  6.496959E-02  1.480323E-02  2.730455E-02 
 .166768  31024.67  684.5942 -227.9189  36.23278854228979 
 
 .1042351973684211  4.394407872385105 
 3023468.00703554 -18156143.69567867  10019917.86513576 
 1886.915217929458  381.3245400371079 -354.6151980429266 
 .8586485499847776  7.174765073153927D-02 -.507518415649662 
-.4975106267943596 -.1215481407044016 -.8589000091500675 
-.123311977665275  .9899890525181616 -6.867191608270938D-02 
 .3646781 -.1819393  .3935413  6.463732E-02  1.518416E-02  2.796054E-02 
 .1671696  31000.92  684.4965 -227.6865  36.33326637871153 
 
 .1042351973684211  4.498643069753526 
 3023664.662831018 -18156103.99552009  10019880.84773494 
 1886.393615229474  380.4173588226312 -355.6516168748059 
 .8573779049056631  6.980494502219542D-02 -.5099317580127984 
-.5008426499967643 -.1150969913776921 -.8578515737119224 
-.118573893095375  .990898557989793 -.0637203236805562 
 .3673537 -.1815786  .399656  6.440751E-02  1.553183E-02  2.847183E-02 
 .1675868  30977.2  684.3918 -227.4525  36.43710990489284 
 
 .1042351973684211  4.602878267121947 
 3023861.263309671 -18156064.39062198  10019843.72150275 
 1885.853833163476  379.4967413408939 -356.7033865406368 
