main           10.48828      102           1.999999955296516D-02 
main           55.48047      201           1.999999955296516D-02 
main           57.50781      202           5.000000074505806D-02 
main           74.25781      203           5.000000074505806D-02 
main           79.09766      204           5.000000074505806D-02 
main           95.29688      205           5.000000074505806D-02 
main           98.91797      206           5.000000074505806D-02 
main           106.2305      301           5.000000074505806D-02 
 
 1.999999955296516D-02  0 
 3015132.004297971 -18157858.87125979  10021378.85578534 
 1911.882735252152  380.1810395946469 -304.634033203125 
 .9078370955203879  .1314022621767681 -.3982025282339804 
-.4108037213389489  8.825683270858418D-02 -.9074420279082958 
-8.409584134294235D-02  .987392615414495  .1341033649605624 
 0 -.1745329  .6166  0  0  0 
 0  32000  683 -185  0 
Send.pos.prep: 109.5195      HUDFlags are 0000001000010000
 
 1.999999955296516D-02  1.999999955296516D-02 
 3015170.240135471 -18157851.26577484  10021372.76008593 
 1911.701100265319  380.3674723903715 -304.9359213389839 
 .9076976555010738  .1314395949309061 -.3985079661465418 
-.4111103149381937  8.821244727711559D-02 -.9073074854186981 
-8.410276540800027D-02  .9873916128010108  .1341064048468434 
 .251623 -.1747326  .6165526  0 -7.62816E-04  3.377446E-02 
 .1002703  31980.45  681.1978 -200.3283  17.80561351738168 
 
 1.999999955296516D-02  3.999999910593033D-02 
 3015208.472342825 -18157843.65657358  10021366.65834689 
 1911.519720518786  380.5526710537887 -305.2379967200261 
 .9072942910194374  .1315515610336898 -.3993886030836829 
-.4119948639787068  8.808428954555417D-02 -.9069186236870547 
-.08412669932134  .987388142892578  .134116940527446 
 .2523231 -.1753159  .6164152  0 -1.875125E-03  6.369682E-02 
 .1004918  31976.45  681.2202 -200.6556  17.86870716684567 
 
 1.999999955296516D-02  5.999999865889549D-02 
 3015246.700925365 -18157836.04367956  10021360.55056539 
 1911.338618935462  380.7367478775153 -305.540166813538 
 .9066559797263903  .1317377522750682 -.4007743742455247 
-.4133881299445039  8.788210095135511D-02 -.9063040275500057 
-8.417356145111787D-02  .9873813351273601  .1341376553945472 
 .2534735 -.1762442  .6161984  0 -3.293541E-03  8.991957E-02 
 .1006879  31972.44  681.2428 -200.982  17.92556724955806 
 
 1.999999955296516D-02  7.999999821186066D-02 
 3015284.925888829 -18157828.42711382  10021354.43674041 
 1911.157812921314  380.9198433631114 -305.8423450387747 
 .9058099095074124  .1319971649813384 -.402598008285017 
-.4152235505906228  8.761510960388277D-02 -.9054904723982554 
-8.424850665198588D-02  .9873704173237056  .1341709660132227 
 .2550115 -.1774802  .615912  0 -4.980261E-03  .1126126 
 .1008529  31968.43  681.2657 -201.3075  17.9747806267558 
 
 1.999999955296516D-02  9.999999776482582D-02 
 3015323.147239251 -18157820.80689433  10021348.31687259 
 1910.977314724188  381.1021221668692 -306.1444507972367 
 .9047816628171319  .1323283763643309 -.4047954340634855 
-.4174376656967797  8.729201952809663D-02 -.9045031224845659 
-8.435601867969604D-02  .9873547002650496  .1342190671142681 
 .2568776 -.1789879  .6155653  0 -6.902323E-03  .1319596 
 .100982  31964.42  681.2887 -201.6321  18.01514074984286 
 
 1.999999955296516D-02  .119999997317791 
 3015361.364982866 -18157813.18303559  10021342.19096412 
 1910.797132198232  381.2837689526763 -306.4464096581262 
 .9035953581775199  .1327296911639349 -.4073060983628479 
-.4199704513224587  8.692100628485072D-02 -.9033656838083007 
-.0844999922843175  .9873335645818767  .1342839661091185 
 .259016 -.1807332  .6151669  0 -9.030974E-03  .1481551 
 .1010711  31960.4  681.3121 -201.9562  18.04565436573721 
 
 1.999999955296516D-02  .1399999968707561 
 3015399.579126023 -18157805.55554821  10021336.05901863 
 1910.617268848165  381.4649861956558 -306.7481529964326 
 .9022737536090113  .1331992617179267 -.4100732010581823 
-.4227655692594103  8.650971762052841D-02 -.9021005166864625 
-8.468380599070753D-02  .9873064496067141  .1343675093462423 
 .2613743 -.1826837  .6147248  0 -1.134111E-02  .161401 
 .1011167  31956.37  681.3358 -202.2796  18.06543795454843 
 
 1.999999955296516D-02  .1599999964237213 
 3015437.7896751 -18157797.92443861  10021329.92104106 
 1910.437724254398  381.6459909396507 -307.0496178857035 
 .9008383172302349  .1337351845630572 -.4130438555646165 
-.425770539698559  8.606527800191825D-02 -.9007287135687692 
-8.491038649421148D-02  .9872728439151646  .1344714019152997 
 .2639039 -.184809  .6142465  0 -1.381078E-02  .1719041 
 .1011158  31952.35  681.3599 -202.6028  18.07377221281613 
 
 1.999999955296516D-02  .1799999959766865 
 3015475.996636433 -18157790.28970874  10021323.77703755 
 1910.258494461457  381.8270129661319 -307.3507468274269 
 .8993092699487981  .1343355767170603 -.4161691841213797 
-.4289368468868878  8.559429592614481D-02 -.8992701473348493 
-8.518226556563517D-02  .9872322772949645  .1345972224828702 
 .2665596 -.187081  .6137394  0 -1.642078E-02  .1798736 
 .1010659  31948.31  681.3842 -202.9257  18.0700307173653 
 
 1.999999955296516D-02  .1999999955296516 
 3015514.200016247 -18157782.65135586  10021317.62701534 
 1910.079572304035  382.0082924667526 -307.6514874959767 
 .8977059111400124  .1349951122499517 -.4194048363728097 
-.4322199856831539  8.510287337224713D-02 -.8977434961723983 
-8.549842735591376D-02  .9871847955739642  .1347449379652362 
 .2693021 -.1894708  .6132099  0 -1.879749E-02  .185519 
 .1009649  31944.28  681.409 -203.2487  18.05372724079074 
 
 1.999999955296516D-02  .2199999950826168 
 3015552.3998206 -18157775.00937248  10021311.47098266 
 1909.900948425316  382.1900624561927 -307.9517942658168 
 .8960466673510827  .1357046476887883 -.4227110343067478 
-.4355794546164881  .084596630607239 -.8961662506510188 
-8.585399609232701D-02  .9871310240720649  .1349126853539523 
 .2720978 -.1919483  .6126637  0 -.0208837  .1890479 
 .1008145  31940.23  681.4341 -203.5718  18.02528637604286 
 
 1.999999955296516D-02  .239999994635582 
 3015590.596055365 -18157767.36374674  10021305.30894855 
 1909.722613414425  382.3725281698748 -308.2516305664412 
 .8943487495909823  .1364552317987075 -.4260519731438971 
-.4389787040269595  8.408073500318881D-02 -.8945547090100942 
-8.624390712309996D-02  .9870716284627392  .1350984410274877 
 .2749166 -.1944859  .6121061  0 -2.271259E-02  .1906643 
 .1006208  31936.18  681.4597 -203.8952  17.98617611256236 
 
 1.999999955296516D-02  .2599999941885471 
 3015628.78872622 -18157759.71446297  10021299.1409227 
 1909.544557501032  382.5558664215807 -308.5509681861829 
 .8926280735304702  .1372389489191519 -.4293956139096534 
-.4423850448397311  8.355991494573514D-02 -.8929239680490216 
-8.666368586340373D-02  .9870071993221869  .1353003844737382 
 .2777314 -.1970588  .6115423  0 -2.431362E-02  .1905672 
 .1003896  31932.13  681.4857 -204.2192  17.93788596585199 
 
 1.999999955296516D-02  .2799999937415123 
 3015666.97783865 -18157752.06150219  10021292.96691529 
 1909.36677085948  382.7402289560805 -308.8497865086718 
 .8908992572191371  .1380488323886774 -.4327135696537754 
-.4457695243714526  8.303846955065484D-02 -.8912879129194636 
-8.710938312282293D-02  .9869382617219818  .1355168731972275 
 .2805177 -.1996447  .6109768  0 -2.571295E-02  .1889496 
 .1001264  31928.07  681.5121 -204.5437  17.8817324440384 
 
 1.999999955296516D-02  .2999999932944775 
 3015705.163397937 -18157744.40484261  10021286.78693685 
 1909.18924316659  382.9257460420969 -309.1480713820468 
 .8891756196949416  .1388787824515849 -.4359809641772013 
-.4491067755191943  8.252027829748315D-02 -.889659208827997 
-8.757751722256477D-02  .9868652833363177  .1357464217674267 
 .283254 -.2022243  .6104141  0 -2.693379E-02  .1859966 
 9.983587E-02  31924  681.5392 -204.8689  17.81884190340551 
 
 1.999999955296516D-02  .3199999928474426 
 3015743.345409153 -18157736.74446004  10021280.60099813 
 1909.011963769313  383.1125285034694 -309.4458144550183 
 .8874691834663653  .1397234882240695 -.4391762689809655 
-.4523748449346713  8.200881119650472D-02 -.8880492973683768 
-8.806502181839815D-02  .9867886813926443  .1359876840287043 
 .2859214 -.2047805  .6098584  0 -2.799672E-02  .1818853 
 .099522  31919.92  681.5667 -205.195  17.75023379198374 
 
 1.999999955296516D-02  .3399999924004078 
 3015781.523877155 -18157729.08032822  10021274.40911 
 1908.834921750897  383.3006705392572 -309.7430124159537 
 .8857906828065566  .1405783540524349 -.4422811239754672 
-.4555550057135593  8.150713985847048D-02 -.8864683992796417 
-8.856919906159874D-02  .9867088286439922  .136239437952404 
 .2885034 -.2072989  .6093134  0 -2.891999E-02  .1767838 
 9.918848E-02  31915.84  681.5945 -205.5219  17.67678096720136 
 
 1.999999955296516D-02  .359999991953373 
 3015819.698806577 -18157721.41241916  10021268.21128335 
 1908.658105790916  383.4902521523816 -310.0396661907368 
 .8841495789482724  .1414394303046543 -.4452801473237802 
-.4586315599262923  8.101794962477049D-02 -.8849255245941172 
-8.908767751585088D-02  .9866260585417822  .136500572603703 
 .2909862 -.2097668  .6087826  0 -2.971977E-02  .1708506 
 9.883837E-02  31911.75  681.623 -205.8498  17.5992281188981 
 
 1.999999955296516D-02  .3799999915063381 
 3015857.870201823 -18157713.74070341  10021262.00752903 
 1908.481504058551  383.6813402447052 -310.3357803046906 
 .8825540854149672  .1423033484455609 -.4481607338205033 
-.4615916303960409  8.054355364380614D-02 -.8834284932662925 
-8.961837459849084D-02  .9865406697078473  .1367700769419832 
 .2933582 -.212174  .6082691  0 -3.041036E-02  .1642342 
 9.847429E-02  31907.66  681.6521 -206.1787  17.51825906018123 
 
 1.999999955296516D-02  .3999999910593033 
 3015896.038067055 -18157706.06515027  10021255.79785774 
 1908.305104514267  383.8739906772012 -310.6313623949608 
 .8810112015322107  .1431672605807844 -.4509128499749859 
-.4644249498248126  8.008590822329455D-02 -.881983964301092 
-9.015946292536672D-02  .9864529298460434  .1370470300413899 
 .2956102 -.2145117  .6077752  0 -3.100445E-02  .1570727 
 9.809872E-02  31903.56  681.6817 -206.5086  17.43445219324377 
 
 1.999999955296516D-02  .4199999906122684 
 3015934.202406197 -18157698.38572804  10021249.58228003 
 1908.128894929906  384.0682495596349 -310.9264226810699 
 .8795267536577724  .1440287837643632 -.4535288293455866 
-.467123650819727  7.964662932056472D-02 -.880597472902757 
-9.070934045107829D-02  .9863630791373074  .1373305926212348 
 .2977348 -.2167732  .6073036  0 -3.151324E-02  .1494941 
 9.771368E-02  31899.45  681.7117 -206.8397  17.34831719713648 
 
 1.999999955296516D-02  .4399999901652336 
 3015972.363222923 -18157690.70240417  10021243.3608062 
 1907.952862940163  384.2641548567074 -311.220973452863 
 .8781054450456089  .144885948419344 -.4560031681160561 
-.4696820567324995  7.922701048163279D-02 -.8792734764529588 
-9.126660377587216D-02  .98627133323481  .1376199995438438 
 .2997266 -.2189534  .6068559  0 -3.194667E-02  .1416158 
 9.732096E-02  31895.33  681.7424 -207.172  17.26027985767389 
 
 1.999999955296516D-02  .4599999897181988 
 3016010.520520659 -18157683.01514542  10021237.13344632 
 1907.776995978155  384.4617370388326 -311.5150286138022 
 .8767509133727579  .145737151029062 -.4583323234400634 
-.4720964758350842  7.882804201286067D-02 -.8780154083480038 
-9.183002452427121D-02  .9861778858818272  .1379145532332275 
 .3015821 -.2210482  .6064337  0 -3.231352E-02  .1335448 
 9.692208E-02  31891.21  681.7734 -207.5054  17.17072918883054 
 
 1.999999955296516D-02  .4799999892711639 
 3016048.674302582 -18157675.32391802  10021230.90021014 
 1907.601281606525  384.6610203224116 -311.8086034117666 
 .8754657945583703  .1465811108195055 -.4605145171535865 
-.4743650013650315  7.845043106305565D-02 -.8768257383003615 
-9.239852833370622D-02  .9860829112285334  .1382136177980474 
 .3032992 -.2230554  .6060383  0 -3.262156E-02  .1253783 
 9.651846E-02  31887.07  681.8051 -207.8401  17.07999160177203 
 
 1.999999955296516D-02  .4999999888241291 
 3016086.824571619 -18157667.62868776  10021224.66110711 
 1907.425707359535  384.8620228756051 -312.1017140334305 
 .8742550519401138  .1474155775812542 -.4625437834881946 
-.4764750029547189  7.802710768735793D-02 -.8757187573789007 
-9.300363281339755D-02  .985992098321447  .1384554308475478 
 .3048722 -.224969  .605602 -6.947109E-03 -3.280365E-02  .1165332 
 9.611128E-02  31882.93  681.8375 -208.176  16.98838258059806 
 
 1.999999955296516D-02  .5199999883770943 
 3016124.971330566 -18157659.92942021  10021218.41614652 
 1907.250272543626  385.0647490476259 -312.3943586277306 
 .8731225113912195  .1482379739717858 -.4644163898643428 
-.4784158329868145  7.749067924329568D-02 -.8747076570934684 
-.0936769494028362  .9859111003042577  .1385782502683076 
 .3062978 -.2267843  .6050569 -1.389466E-02 -3.288978E-02  .1078344 
 9.570308E-02  31878.79  681.8702 -208.5131  16.89652773183614 
 
 1.999999955296516D-02  .5399999879300594 
 3016163.114582323 -18157652.22608101  10021212.1653379 
 1907.0749884809  385.2691890602007 -312.6865176800006 
 .872067672541019  .1490466883879596 -.4661363096664665 
-.4801909260641513  .076840952023137 -.873791818809166 
-9.441741912667512D-02  .9858400239251599  .1385813775104626 
 .3075801 -.2285017  .6044027 -2.084262E-02 -3.288934E-02  9.934046E-02 
 9.529652E-02  31874.63  681.9037 -208.8515  16.80507169821526 
 
 1.999999955296516D-02  .5599999874830246 
 3016201.254330023 -18157644.51863603  10021205.90869113 
 1906.899866751775  385.4753257668678 -312.9781727785607 
 .8710893865031056  .1498404217367047 -.467708380014095 
-.4818045827046702  7.607755505881302D-02 -.8729699592202766 
-9.522407682104962D-02  .9857789070730004  .1384641526299826 
 .3087236 -.2301226  .6036388 -2.779095E-02 -3.281083E-02  9.110145E-02 
 9.489308E-02  31870.47  681.9377 -209.1911  16.71440050830468 
 
 1.999999955296516D-02  .5799999870359898 
 3016239.390577033 -18157636.80705157  10021199.64621648 
 1906.724919461913  385.6831372889794 -313.2693063431768 
 .8701859348298835  .1506181514037357 -.4691381580003514 
-.4832618240410012  7.519995993279048D-02 -.8722402051331219 
-9.609603659259651D-02  .9857277202624605  .1382259500143382 
 .309734 -.2316489  .6027648 -3.473962E-02 -3.266186E-02  8.315949E-02 
 9.449387E-02  31866.3  681.972 -209.5319  16.62476905038539 
 
 1.999999955296516D-02  .5999999865889549 
 3016277.523326966 -18157629.09129441  10021193.37792454 
 1906.550159164348  385.8925957926081 -313.5599015220835 
 .8693549672103301  .1513791191547806 -.4704320389499932 
-.4845688044921505  7.421046963635862D-02 -.8715996098607427 
-9.703099865390089D-02  .9856861409598257  .1378688391912867 
 .3106174 -.2330833  .6017826 -4.138295E-02 -3.244932E-02  7.557808E-02 
 9.410015E-02  31862.12  682.007 -209.8738  16.53649101737255 
 
 1.999999955296516D-02  .6199999861419201 
 3016315.652583691 -18157621.37133194  10021187.10382624 
 1906.375598488606  386.1036686429449 -313.8499428408513 
 .8685935513506712  .1521228027052943 -.4715971749799974 
-.4857328331400973  7.311512779880323D-02 -.8710440820628189 
-9.802477932503928D-02  .98565350452583  .1373983684554755 
 .3113809 -.2344292  .600698 -4.762972E-02 -3.217904E-02  6.838996E-02 
 9.371296E-02  31857.93  682.0426 -210.2168  16.44982555822683 
 
 1.999999955296516D-02  .6399999856948853 
 3016353.778351319 -18157613.64713224  10021180.82393278 
 1906.201249557901  386.316318833849 -314.1394171181998 
 .8678984164720218  .1528488598738068 -.4726410527246162 
-.4867616470610958  7.192054432877874D-02 -.8705690864335931 
-9.907289051867491D-02  .9856290688381349  .1368206893183379 
 .3120317 -.2356904  .5995175 -5.350357E-02 -3.185638E-02  6.161002E-02 
 9.333325E-02  31853.74  682.0787 -210.5609  16.36501359003176 
 
 1.999999955296516D-02  .6599999852478504 
 3016391.900634203 -18157605.91866417  10021174.53825561 
 1906.027124037144  386.5305053432552 -314.4283135396188 
 .86726607360161  .1535570946516089 -.4735713000824719 
-.4876631108847978  7.063281156310444D-02 -.8701699237579128 
-.1001710929450575  .9856121065677141  .1361415716280111 
 .3125773 -.2368709  .5982469 -5.902673E-02 -.0314864  5.524818E-02 
 9.296195E-02  31849.54  682.1152 -210.906  16.28227853322436 
 
 1.999999955296516D-02  .6799999848008156 
 3016430.019436923 -18157598.18589746  10021168.24680638 
 1905.853233182306  386.7461833084079 -314.7166233512315 
 .8666928717688381  .1542474351133919 -.4743956099986837 
-.488445143341294  6.925754637812957D-02 -.869841786887698 
-.1013153886208122  .9856019079885248  .1353664323161125 
 .3130252 -.237975  .5968915 -6.422012E-02 -3.107394E-02  4.930984E-02 
 9.259992E-02  31845.33  682.1524 -211.2521  16.20183255103676 
 
 1.999999955296516D-02  .6999999843537807 
 3016468.134764283 -18157590.44880276  10021161.94959689 
 1905.679587990184  386.9633038136012 -315.0043396682083 
 .866175050580098  .1549199130451551 -.4751216710429501 
-.4891156500069954  6.779992979630084D-02 -.8695798125749301 
-.1025020130085173  .9855977831051049  .1345003615887464 
 .3133828 -.2390068  .5954562 -.0691034 -3.062352E-02  4.379616E-02 
 9.224802E-02  31841.11  682.1901 -211.5991  16.12389693439289 
 
 1.999999955296516D-02  .7199999839067459 
 3016506.246621303 -18157582.70735174  10021155.64663907 
 1905.506199241423  387.1818151091687 -315.2914571350511 
 .8657087885499155  .1555746455409569 -.4757571051411028 
-.4896824627433794  6.626474404368653D-02 -.8693791286765533 
-.1037274269854203  .9855990631903164  .1335481468585543 
 .3136578 -.2399708  .5939455 -7.369509E-02 -3.013944E-02  3.870463E-02 
 9.190688E-02  31836.88  682.2283 -211.947  16.0486300585863 
 
 1.999999955296516D-02  .7399999834597111 
 3016544.355013222 -18157574.96151715  10021149.33794492 
 1905.33307778808  387.4016617730348 -315.5779719139739 
 .8652902463306301  .1562118184919129 -.4763094134788082 
-.4901532869585191  6.465640731125273D-02 -.869234895915575 
-.1049883083435309  .9856051018318899  .1325142949047863 
 .3138573 -.2408713  .5923634 -7.801257E-02 -2.962572E-02  3.402942E-02 
 9.157735E-02  31832.65  682.2669 -212.2957  15.97623228550966 
 
 1.999999955296516D-02  .7599999830126762 
 3016582.459945493 -18157567.21127285  10021143.02352653 
 1905.160234527038  387.6227853836003 -315.8638813991727 
 .8649156054197962  .156831671882928 -.4767859291083499 
-.4905356552611553  6.297900599156539D-02 -.8691423449135492 
-.1062815431710316  .9856152756013469  .1314030520287265 
 .3139885 -.2417128  .5907138 -8.207221E-02 -2.908613E-02  .0297619 
 9.126007E-02  31828.41  682.306 -212.6453  15.90686807888255 
 
 1.999999955296516D-02  .7799999825656414 
 3016620.56142379 -18157559.45659392  10021136.70339601 
 1904.987680312165  387.8451255468272 -316.1491838968071 
 .8645811025979422  .1574344867757098 -.4771937755296006 
-.4908368868119279  6.123632428099558D-02 -.8690968088385361 
-.1076042172746988  .9856289844369536  .1302184221317314 
 .3140585 -.2424994  .589 -8.588938E-02 -2.852416E-02  .0258908 
 .0909555  31824.16  682.3457 -212.9955  15.84064804443627 
 
 1.999999955296516D-02  .7999999821186066 
 3016658.659454003 -18157551.69745664  10021130.37756553 
 1904.815426096645  388.0686191401317 -316.4338785893184 
 .8642830608862739  .1580205736402822 -.477539829722557 
-.4910640509757938  5.943187229569954D-02 -.8690937523620049 
-.1089536071192482  .9856456517744207  .1289641835312452 
 .314074 -.2432355  .5872253 -8.947857E-02 -2.794306E-02  2.240264E-02 
 9.066418E-02  31819.91  682.3859 -213.3464  15.77771994876982 
 
 1.999999955296516D-02  .8199999816715717 
 3016696.754042243 -18157543.93383861  10021124.04604723 
 1904.643483045875  388.2932010247538 -316.7179653934432 
 .8640179152163098  .1585902623892405 -.477830692673224 
-.4912239382965776  5.756891146819524D-02 -.8691287953328704 
-.1103271708585931  .9856647244918921  .1276439041343528 
 .3140414 -.2439249  .5853926 -9.285338E-02 -2.734584E-02  1.928221E-02 
 9.038657E-02  31815.64  682.4265 -213.6979  15.7181955654173 
 
 1.999999955296516D-02  .8399999812245369 
 3016734.845194848 -18157536.16571873  10021117.70885327 
 1904.471862601669  388.518804520421 -317.0014448299189 
 .863782233652996  .1591438939252575 -.4780726658696842 
-.4913230373410634  5.565047782214255D-02 -.8691977319897461 
-.1117225393704971  .9856856726890537  .1262609553747084 
 .3139669 -.2445717  .5835046 -.0960266 -2.673524E-02  1.651283E-02 
 9.012308E-02  31811.37  682.4677 -214.05  15.66216227406259 
 
 1.999999955296516D-02  .8599999807775021 
 3016772.932918385 -18157528.39307724  10021111.36599579 
 1904.300576251938  388.7453615173515 -317.2843177697441 
 .8635727356266875  .1596818128137813 -.4782717312770462 
-.491367514927243  5.367940346998422D-02 -.8692965471674966 
-.1131375072929581  .985707989365821  .124818524842768 
 .3138564 -.2451795  .5815639 -9.901027E-02 -.0261138  1.407656E-02 
 8.987393E-02  31807.1  682.5093 -214.4025  15.60969856773951 
 
 1.999999955296516D-02  .8799999803304672 
 3016811.017219653 -18157520.61589578  10021105.0174869 
 1904.129635708554  388.9728024445768 -317.566585434908 
 .863386306466692  .1602043612112467 -.478433536089078 
-.4913632010493539  5.165833601687748D-02 -.8694214288677838 
-.1145700242661002  .9857311900152405  .1233196276786524 
 .3137154 -.2457519  .5795728 -.1018157 -2.548381E-02  1.195461E-02 
 8.963944E-02  31802.81  682.5513 -214.7555  15.56088506004265 
 
 1.999999955296516D-02  .8999999798834324 
 3016849.09810569 -18157512.83415736  10021098.66333869 
 1903.95905303001  389.2010570853207 -317.84824932945 
 .8632200082123068  .1607118739900657 -.4785633824067043 
-.4913155787329579  .0495897564726372 -.8695687771230532 
-.1160181861444256  .9857548121168793  .1217671173682437 
 .3135491 -.2462921  .5775336 -.1044535 -2.484733E-02  1.012752E-02 
 8.941983E-02  31798.52  682.5938 -215.1088  15.51576206622117 
 
 1.999999955296516D-02  .9199999794363976 
 3016887.175583774 -18157505.04784641  10021092.30356323 
 1903.788840520026  389.4300543876657 -318.1293111216969 
 .863071087404282  .1612046747109613 -.4786662208033096 
-.4912297776730165  4.747599503635802D-02 -.869735209947617 
-.117480226481345  .985778414628074  .1201636951797464 
 .3133625 -.2468034  .5754483 -.1069338 -2.420626E-02  8.575486E-03 
 8.921526E-02  31794.22  682.6366 -215.4625  15.47437759493109 
 
 1.999999955296516D-02  .9399999789893627 
 3016925.249661434 -18157497.25694881  10021085.93817253 
 1903.619010585054  389.6597232996163 -318.4097724549084 
 .8629369801215233  .1616830726635066 -.4787466473541429 
-.4911105713899702  4.531924579159172D-02 -.8699175665716247 
-.1189545081439179  .9858015773851079  .1185119193046421 
 .3131599 -.2472887  .573319 -.1092658 -2.356225E-02  7.278488E-03 
 8.902575E-02  31789.91  682.6801 -215.8163  15.43673621225248 
 
 1.999999955296516D-02  .9599999785423279 
 3016963.320346446 -18157489.46145183  10021079.5671786 
 1903.449575756806  389.8899920627637 -318.689634950635 
 .8628153151412045  .1621473604669765 -.4788089028530854 
-.4909623764969409  4.312157973636133D-02 -.8701129088948832 
-.1204395152026891  .9858239005292129  .1168142128471882 
 .3129455 -.2477506  .5711474 -.1114585 -2.291678E-02  6.216443E-03 
 8.885138E-02  31785.6  682.7239 -216.1704  15.40287717670546 
 
 1.999999955296516D-02  .979999978095293 
 3017001.387646841 -18157481.6613442  10021073.19059339 
 1903.280548862137  390.120789050834 -318.9689002176868 
 .8627046639410988  .1625977085057385 -.4788555606891893 
-.4907858670360664  4.086838463843893D-02 -.8703212095856908 
-.1219421811020747  .9858457081743197  .1150580033823866 
 .3127219 -.2481907  .5689187 -.1152262 -2.226726E-02  5.217847E-03 
 8.869218E-02  31781.27  682.7681 -216.5246  15.37279892382996 
 
 1.999999955296516D-02  .9999999776482582 
 3017039.451570934 -18157473.85661605  10021066.80842888 
 1903.111945446719  390.3520426958876 -319.247565404205 
 .862603658377452  .1630342544537083 -.4788890899034542 
-.4905816293110795  3.854590814678997D-02 -.8705422895802505 
-.123468998280222  .9858671537483441  .1132314515663197 
 .3124915 -.2486107  .5666186 -.1187687 -2.161535E-02  4.441576E-03 
 8.854815E-02  31776.94  682.8128 -216.8788  15.34649335129771 
 
 .10125  1.101249977648258 
 3017232.098665059 -18157434.27418839  10021034.41328528 
 1902.262753319107  391.5230716523469 -320.656505683057 
 .8622730265181624  .1644953633211818 -.4789848673862671 
-.4891948789803468  2.579998423511968D-02 -.8717928258438872 
-.1310480756005634  .9860403826716725  .1027169198432714 
 .311584 -.2500044  .553879 -.1356309 -7.430335E-03  1.521888E-03 
 8.841937E-02  31754.91  683.0455 -218.6708  15.33584161322702 
 
 .10125  1.202499977648258 
 3017424.66051492 -18157394.5736431  10021001.87623207 
 1901.428108134298  392.6852304437409 -322.0507183279058 
 .8621627643966252  .1644122877351509 -.4792118188543166 
-.4874834259044404  .011628564021543 -.8730548012394559 
-.1379683918745089  .9863231600953559  .0901739801886947 
 .3115011 -.2500495  .5394876 -.1473911  9.223481E-03  3.40949E-03 
 8.854305E-02  31732.68  683.287 -220.446  15.42516766998712 
 
 .10125  1.303749977648258 
 3017617.138937126 -18157354.75783103  10020969.19868609 
 1900.61479964503  393.7999461166015 -323.4316712666792 
 .8621609341523961  .1626225309596088 -.4798254224671279 
-.4857785809081633 -3.590304676414413D-03 -.8740745277395863 
-.1438669314064825  .9866818241645177  .0759031218795435 
 .3125655 -.2487434  .5238008 -.1555919  2.673421E-02  6.778962E-03 
 9.026121E-02  31710.26  683.534 -222.1708  15.91456867231005 
 
 .10125  1.404999977648258 
 3017809.536472289 -18157314.83364836  10020936.38197586 
 1899.830339389433  394.8258844140603 -324.7996419769196 
 .8622722768509643  .1590589739365812 -.4808188467442757 
-.4841707559454785 -1.956244348079958D-02 -.8747548170157416 
-.1485435951545438  .9870752522555214  6.014355096982936D-02 
 .3147915 -.2460234  .5071228 -.16131  4.452559E-02  9.557604E-03 
 9.368124E-02  31687.65  683.7818 -223.8082  16.8319038326343 
 
 .10125  1.506249977648259 
 3018001.856420257 -18157274.81217462  10020903.42750056 
 1899.082213053052  395.7217450144141 -326.1529564246624 
 .8625306707726885  .1539237341129407 -.4820252338344371 
-.4826107606535311 -3.605710351554535D-02 -.8750924173980075 
-.1520779263332947  .9874246145214309  4.318489272149463D-02 
 .3179124 -.2419856  .4897384 -.1652969  5.779205E-02  1.080107E-02 
 .0987922  31664.87  684.0248 -225.3208  18.17470901326172 
 
 .10125  1.607499977648259 
 3018194.102770026 -18157234.70833363  10020870.33695807 
 1898.376547830132  396.4528917991564 -327.4873891105378 
 .8629259183051181  .147777403874509 -.4832397939133096 
-.4810449767106706 -5.266712204432224D-02 -.8751125097020372 
-.1547727039845785  .9876173414636245  2.563975315059206D-02 
 .3214667 -.2370343  .4721517 -.1634184  6.431434E-02  .0108037 
 .105311  31641.93  684.2565 -226.6755  19.87210225429047 
 
 .10125  1.708749977648259 
 3018386.2799819 -18157194.53978548  10020837.11257127 
 1897.716526204743  396.9999111771011 -328.7967944835578 
 .8634487223844537  .1411989475864166 -.4842717842422187 
-.4793840023096907 -6.909814073858393D-02 -.8748808063250746 
-.1569945290199501  .9875668605957563  8.025815276021151D-03 
 .325002 -.2315956  .4547431 -.1621084  6.614336E-02  8.911968E-03 
 .1126104  31618.86  684.4706 -227.8521  21.76841426181209 
 
 .10125  1.809999977648259 
 3018578.392701669 -18157154.32539437  10020803.7572182 
 1897.102629738411  397.3584316960658 -330.0743772681744 
 .8641092521633363  .1345861252390705 -.4849760563356214 
-.4774971332908121 -8.537364110941793D-02 -.8744757452913007 
-.1590964739545627  .9872172589135849 -9.507664191145857D-03 
 .3281958 -.2259522  .4375397 -.1611946  6.501723E-02  6.030397E-03 
 .1200802  31595.68  684.6628 -228.8436  23.71200116784477 
 
 .10125  1.911249977648259 
 3018770.445552908 -18157114.08396488  10020770.27446523 
 1896.533937940371  397.5340027488137 -331.3133357296848 
 .8649026651827297  .1281708646735297 -.4852995046449662 
-.4753235537586173 -.1015166490065053 -.8739347167934042 
-.1612789477957009  .9865427509354718 -2.687938940120923D-02 
 .3308947 -.2202853  .4205396 -.1605569  6.251768E-02  2.89205E-03 
 .127327  31572.41  684.8298 -229.6516  25.60444817387406 
 
 .10125  2.012499977648259 
 3018962.443035275 -18157073.83346159  10020736.66853707 
 1896.008923627837  397.5376671767522 -332.5074675946202 
 .8658162270310619  .122042895447173 -.4852502371772382 
-.4728550850372491 -.1175490907780406 -.8732641523683832 
-.1636164098252717  .9855393157698606 -4.406730656350986D-02 
 .3330723 -.2146803  .4037208 -.1601117  .059837 -3.180944E-05 
 .1341408  31549.07  684.9696 -230.283  27.39252453305765 
 
 .1032986111111111  2.11579858875937 
 3019158.272678829 -18157032.77656206  10020702.26070088 
 1895.516275940204  397.3791102611278 -333.6745035335236 
 .8667060294650529  .1163348184207951 -.4850637777776466 
-.47050622723774 -.1322934532842439 -.8724232529848321 
-.1656639629473759  .984360021659316 -5.992327710865177D-02 
 .3349017 -.2093902  .3882647 -.1294047  5.205936E-02  1.724084E-03 
 .1404599  31525.2  685.0837 -230.7558  29.05995453816907 
 
 .1032986111111111  2.219097199870481 
 3019354.053464768 -18156991.74358098  10020667.73501863 
 1895.062974509016  397.0745738603746 -334.7891259532487 
 .8674733281422949  .1114642808416128 -.4848357856616931 
-.4685640111780074 -.1443769094512391 -.8715521071319164 
-.16714602116265  .9832248075154378 -7.301496761434718D-02 
 .3363036 -.2048448  .37559 -.1081374  4.349194E-02 -8.966061E-05 
 .146148  31501.3  685.1696 -231.0715  30.56945278624714 
 
 .1032986111111111  2.322395810981592 
 3019549.789101806 -18156950.74824529  10020633.0966191 
 1894.642132508387  396.6502449460907 -335.8568616297223 
 .8682048202749115  .1074587128509184 -.484430609152468 
-.4667337445472581 -.1545951462302653 -.8707812311154485 
-.1684636511307466  .9821165744423956 -8.406564371508353D-02 
 .3371286 -.2009873  .3648981 -9.340075E-02  3.570051E-02 -2.186707E-03 
 .1507979  31477.38  685.231 -231.2562  31.81593153401892 
 
 .1032986111111111  2.425694422092703 
 3019745.482650913 -18156909.80161816  10020598.35007196 
 1894.248095583957  396.1315106023994 -336.8830091173213 
 .8688983127822122  .1041744291724298 -.4839043400826472 
-.4649666294726931 -.1635198057018774 -.8700961479170116 
-.1697697132029945  .9810244448788306 -9.364445007129003D-02 
 .3375007 -.1977166  .3555889 -8.318481E-02  2.986911E-02 -3.122345E-03 
 .1544468  31453.46  685.272 -231.3355  32.80801596754936 
 
 .1032986111111111  2.528993033203815 
 3019941.136660517 -18156868.91236676  10020563.49944055 
 1893.876594558148  395.5393734715488 -337.872072967177 
 .8695270986288541  .1013743968602934 -.4833692754109406 
-.4633142516374084 -.1715562204415642 -.8694299094564621 
-.1710629386505269  .9799447407323619 -.1022045797957651 
 .3376437 -.1948809  .3472206 -.0761002  2.635157E-02 -2.687271E-03 
 .1572717  31429.53  685.2971 -231.3302  33.59023067679139 
 
 .1032986111111111  2.632291644314926 
 3020136.753305804 -18156828.08731298  10020528.54838443 
 1893.524672168609  394.888558550243 -338.8273665203508 
 .8699528745921014  9.896194405130163D-02 -.4831030217443539 
-.4622073603411986 -.1778436342560487 -.8687554303721045 
-.1718905234018435  .9790700564230256 -.1089746419147705 
 .3378838 -.1925497  .3406425 -4.819314E-02  .0213571  2.399064E-03 
 .1595212  31405.62  685.3088 -231.2551  34.22514273214095 
 
 .1032986111111111  2.735590255426037 
 3020332.334317151 -18156787.33181294  10020493.50008925 
 1893.186673568089  394.19271966126 -339.754751815525 
 .8701283316239924  9.696862304967233D-02 -.4831912381750079 
-.4618312052335988 -.1817725423083152 -.8681420855685156 
-.1720134424332236  .978547816412985 -.1133823029209133 
 .3382923 -.1907986  .3364753 -2.882999E-02  1.682634E-02  4.378203E-03 
 .1612559  31381.72  685.3089 -231.1256  34.7147003245355 
 
 .1032986111111111  2.838888866537148 
 3020527.88077747 -18156746.64978839  10020458.35699649 
 1892.855717833628  393.4659741151238 -340.6627752704918 
 .8701579268138643  9.534318961728767D-02 -.4834613310251385 
-.4618893840134179 -.1840574923023228 -.8676295502477335 
-.1717072489404618  .9782803870675222 -.1161210787941446 
 .338717 -.1894827  .3340009 -1.539215E-02  1.347478E-02  5.617494E-03 
 .1624389  31357.84  685.2997 -230.9591  35.04869989492173 
 
 .1032986111111111  2.942187477648259 
 3020723.393210616 -18156706.04388349  10020423.12075147 
 1892.527861725049  392.7189409082089 -341.55830471661 
 .8700752445919928  9.395799252992587D-02 -.4838811469647578 
-.4622719867279893 -.1852043257249749 -.8671816234326657 
-.1710955260512108  .9781979622614753 -.1177075511288703 
 .3391832 -.1884682  .3326957 -6.064945E-03  1.154326E-02  7.110484E-03 
 .1631733  31333.98  685.2839 -230.7686  35.26690465264051 
 
 .1032986111111111  3.04548608875937 
 3020918.871796382 -18156665.51582824  10020387.79239573 
 1892.20038705119  391.958700166227 -342.4461627090718 
 .8698873033960762  9.267200067523867D-02 -.4844666961527391 
-.4629467496672962 -.1855682563671853 -.8667437505983686 
-.1702245175137456  .9782516662493808 -.1185212686293955 
 .3397716 -.1876376  .3321848  4.097206E-04  .0108554  9.014212E-03 
 .163607  31310.14  685.2634 -230.5629  35.40753367469608 
 
 .1032986111111111  3.148784699870482 
 3021114.316331761 -18156625.06668537  10020352.37261589 
 1891.868600464651  391.1910912257688 -343.3283983598751 
 .8695400737086518  9.138923060878418D-02 -.4853329462786199 
-.4641058297146351 -.1847523638787143 -.8662980681417429 
-.168836723018546  .9785267357461217 -.1182353094062731 
 .3406435 -.1869699  .3328565  1.784086E-02  1.030841E-02  1.324375E-02 
 .1638861  31286.33  685.2368 -230.3488  35.48253023928102 
 
 .1032986111111111  3.252083310981593 
 3021309.726255825 -18156584.69715159  10020316.86178179 
 1891.530265444262  390.4173612286139 -344.2090953522139 
 .8690323790177616  9.007711014184934D-02 -.4864862160917013 
-.4658027235403707 -.1824713934206529 -.8658706677821445 
-.1667649452406025  .9790762507647794 -.1166153858943167 
 .341819 -.1864396  .3349977  2.994214E-02  1.025083E-02  1.535525E-02 
 .1640889  31262.54  685.2048 -230.1297  35.53723147562219 
 
 .1032986111111111  3.355381922092704 
 3021505.100753697 -18156544.40784664  10020281.25980077 
 1891.182701756464  389.6377530132577 -345.0931254787149 
 .8684364045220923  8.872515076878958D-02 -.4877971493580045 
-.467826129818802 -.1791660436433524 -.8654699538770531 
-.164185637494578  .9798098674876889 -.1140863708523288 
 .3431705 -.185964  .3381654  3.834344E-02  1.049309E-02  1.677298E-02 
 .1642469  31238.78  685.1675 -229.9083  35.5799241114299 
 
 .1032986111111111  3.458680533203815 
 3021700.43877632 -18156504.19940293  10020245.56615874 
 1890.824055592351  388.851778954418 -345.9837755923339 
 .8677725978523584  8.731866276286056D-02 -.4892301805386435 
-.4700823936968269 -.1751476494131907 -.865069849226809 
-.1612242585742887  .980662404723633 -.1109413647330472 
 .3446673 -.1855096  .3420413  4.417611E-02  1.091309E-02  1.813143E-02 
 .1644009  31215.04  685.125 -229.6862  35.62114097176465 
 
 .1032986111111111  3.561979144314926 
 3021895.739112566 -18156464.07252252  10020209.7800594 
 1890.453042818913  388.058577830677 -346.8832234483665 
 .8670404766026683  8.584699301964262D-02 -.4907862118296544 
-.4725312128135327 -.1706347674550958 -.8646375130958153 
-.157971721676978  .9815875253511678 -.1073818663712852 
 .3463146 -.1850677  .3463995  4.822552E-02  1.140178E-02  1.958438E-02 
 .1645744  31191.32  685.0773 -229.4639  35.66697300658455 
 
 .1032986111111111  3.665277755426037 
 3022091.000438601 -18156424.02800292  10020173.90052063 
 1890.068765456297  387.2571630303814 -347.7928885171882 
 .86622201412082  8.429594773368576D-02 -.4924973253208071 
-.4752053742094138 -.1655952998700115 -.8641516354109682 
-.1543997233642596  .9825845459076992 -.1033844067952193 
 .3481511 -.184644  .351267  5.471826E-02  1.201481E-02  2.167285E-02 
 .1647789  31167.62  685.024 -229.2412  35.7203415488493 
 
 .1032986111111111  3.768576366537149 
 3022286.221334443 -18156384.06675376  10020137.9264103 
 1889.670259919998  386.4463502367415 -348.714255995328 
 .8653170949992817  8.266215713472377D-02 -.4943615001998412 
-.4781002924355505 -.1600035959210003 -.8636081053726795 
-.1504873266260123  .9836492347733425 -9.893304531233411D-02 
 .3501758 -.1842346  .3566674  5.922601E-02  1.263009E-02  2.308097E-02 
 .1650223  31143.95  684.9651 -229.0181  35.78325827087684 
 
 .1032986111111111  3.87187497764826 
 3022481.400276746 -18156344.18981163  10020101.85643919 
 1889.256488538364  385.624865326962 -349.6488821429557 
 .8643471904951898  .0809600323166135 -.4963359824255785 
-.4811396064482797 -.1540241822503714 -.8630070859436194 
-.1463168253819962  .9847446493631717 -9.417729110957224D-02 
 .3523381 -.1838281  .3624364  6.235568E-02  1.317847E-02  2.418474E-02 
 .1653083  31120.3  684.9003 -228.7942  35.8567305104539 
 
 .1032986111111111  3.975173588759371 
 3022676.535647907 -18156304.39833153  10020065.68918292 
 1888.82666403108  384.7916906348802 -350.5978275108685 
 .8633200516134113  .0792035920592525 -.4984027282099566 
-.4842813690260767 -.1477724968386558 -.8623426492945233 
-.1419508509888016  .9858448560412433 -8.921813560355335D-02 
 .3546129 -.1834271  .3684577  6.452859E-02  1.363152E-02  .0251548 
 .1656321  31096.67  684.8293 -228.5694  35.93942385299719 
 
 .1032986111111111  4.078472199870482 
 3022871.625757451 -18156264.69355555  10020029.42312438 
 1888.38016276602  383.9461568389702 -351.5618269295191 
 .8622380405986563  7.740605729392513D-02 -.5005535572132105 
-.487500520460051 -.1413291797269279 -.8616085570077003 
-.1374365449790131  .9869317936169256 -8.412390178961274D-02 
 .3569857 -.1830389  .3746506  6.603727E-02  1.398948E-02  2.604398E-02 
 .1659838  31073.07  684.752 -228.3436  36.02872926539698 
Send.pos.prep: 115.6172      HUDFlags are 0010001000010000
 
 .1042351973684211  4.182707397238903 
 3023068.437049507 -18156224.71798476  10019992.72649269 
 1887.912241810576  383.080179698084 -352.5502698950871 
 .8611004747293092  7.555714104076315D-02 -.5027893106050524 
-.4907842090978176 -.1347773686649369 -.8607937737902057 
-.1328037368494839  .9879909814029176 -7.897460443276121D-02 
 .3594562 -.1826548  .3809289  6.537723E-02  1.441419E-02  2.657204E-02 
 .1663525  31049.28  684.6674 -228.1146  36.12171384618681 
 
 .1042351973684211  4.286942594607324 
 3023265.198641437 -18156184.83336312  10019955.9260003 
 1887.426547727244  382.2010813634604 -353.5546413549862 
 .8599210614029429  7.367253600944668D-02 -.5050822958623397 
-.4940806340051067 -.1282758003041125 -.8599009513644288 
-.1281409195251334  .9889983197631201 -7.390688904951299D-02 
 .3619948 -.1822733  .3871358  6.492076E-02  1.483227E-02  .0272799 
 .1667405  31025.51  684.5762 -227.8844  36.21925141625986 
 
 .1042351973684211  4.391177791975745 
 3023461.908676051 -18156145.04107013  10019919.02000064 
 1886.922992151056  381.3086349859205 -354.5746774334124 
 .8586953470140863  7.175400985786992D-02 -.5074383342689768 
-.4973977799302497 -.1218073227138901 -.8589286493380759 
-.1234412797115113  .989956735520593 -6.890509604226304D-02 
 .3646072 -.1818994  .3932881  6.460507E-02  1.521954E-02  2.793502E-02 
 .1671471  31001.76  684.478 -227.6528  36.32099826023639 
 
 .1042351973684211  4.495412989344167 
 3023658.565284932 -18156105.34250624  10019882.00687134 
 1886.401448070207  380.4026656700312 -355.6101782676012 
 .8574270000245531  6.980718934292088D-02 -.5098488952081153 
-.5007282330378846 -.1153589530920557 -.8578831788654333 
-.1187020482875155  .9908679368399933 -6.395745050267271D-02 
 .3672825 -.1815334  .3994004  6.438674E-02  1.556857E-02  2.844742E-02 
