main 11.20313  102  1.999999955296516D-02 
main 56.24219  201  1.999999955296516D-02 
main 58.22266  202  6.499999761581421D-02 
main 74.97266  203  6.499999761581421D-02 
main 82.99219  204  6.499999761581421D-02 
main 97.65234  205  6.499999761581421D-02 
main 101.2813  206  6.499999761581421D-02 
main 108.582  301  6.499999761581421D-02 
Send.pos.prep: 108.9727      HUDFlags are 0000001000010000
Send.pos.prep: 113.6914      HUDFlags are 0010001000010000
main 128.0313  306  1.184325199203187D-02 
Send.pos.prep: 128.1914      HUDFlags are 0010001001010000
main 128.582  307  1.184325199203187D-02 
sent  135.0625  411 
main 155.3828  309  3.410050675675676D-02 
Send.pos.prep: 155.5508      HUDFlags are 0000000000010000
Send.pos.prep: 169.6094      HUDFlags are 0000000000011000
Send.pos.prep: 177.5195      HUDFlags are 0000000000100000
main 181.6914  401  4.149159663865546D-02 
Send.pos.prep: 181.6914      HUDFlags are 0010001000100000
Altitude  0  3001  .0138671875 
Send.pos.prep: 187.1328      HUDFlags are 0010001001100000
Altitude  0  3002  2.137586805555556D-02 
Altitude  0  3003  7.313368055555555D-02 
Altitude  0  3004  7.376802884615384D-02 
Altitude  0  3005  .07275390625 
sent  203.1719  431 
main 203.5  431  .07275390625 
Altitude  0  3006  .0783420138888889 
Altitude  0  3007  7.242063492063493D-02 
Altitude  0  3008  7.314311594202899D-02 
Altitude  0  3009  7.314311594202899D-02 
Altitude  0  3010  7.444852941176471D-02 
Altitude  0  3011  7.445195895522388D-02 
Altitude  0  3012  7.386893656716417D-02 
sent  231.293  432 
main 231.6211  432  7.386893656716417D-02 
Altitude  0  3013  7.940764925373134D-02 
Altitude  0  3014  7.940764925373134D-02 
Altitude  0  3015  7.453377016129033D-02 
Altitude  0  3016  7.701725746268656D-02 
Altitude  0  3018  .08404541015625 
Altitude  0  3019  .08404541015625 
Send.pos.prep: 260.4531      HUDFlags are 0010001001101000
Send.pos.prep: 260.6719      HUDFlags are 0010001001110000
Altitude  0  3020  .1135416666666667 
Sen
 
 7.660590277777778D-02  2.942005185981588 
 3012407.529940078 -18158789.46132008  9986436.395060217 
 796.2841246407133  374.6242659331389  73.38064145924788 
-.9280285131523436  .171939437470618  .3304540945706918 
 .2993000966155314  .8722996164515896  .3866688910480671 
-.2217713483346795  .4577446984736098 -.8609804063259053 
-2.470023 -.1253312  .5622898  3.383694E-02  9.582657E-02  3.896869E-02 
 .2232802  15712.84  555.0215 -175.3067  56.61671884496901 
 
 7.660590277777778D-02  3.018611088759366 
 3012468.56248856 -18158760.76019631  9986442.114067111 
 797.1322119374524  374.6945915590981  75.9291815898699 
-.9255703378856567  .171376691403015  .3375641854077306 
 .30148834082385  .8729607954246229  .3834634663157503 
-.2289635996692727  .4566940762648058 -.8596546927290768 
-2.461462 -.1210691  .5640841  3.344857E-02  8.495457E-02  3.920221E-02 
 .2268416  15699.43  554.5746 -174.0276  57.64151765746506 
 
 7.660590277777778D-02  3.095216991537144 
 3012529.661477662 -18158732.05449212  9986448.030051436 
 798.0187329904289  374.743849949075  78.52325901485267 
-.9232617522524083  .1712478709012372  .3438922847922058 
 .3036738920804432  .8736057203939865  .3802567718839706 
-.2353081046129216  .4555076420947248 -.8585702556557484 
-2.453351 -.1175853  .5659326  3.314736E-02  7.240747E-02  3.938731E-02 
 .2295744  15686.11  554.1044 -172.703  58.41019150525256 
 
 7.992788461538461D-02  3.175144876152528 
 3012593.483700952 -18158702.10037127  9986454.415499907 
 798.97644830477  374.7848280464057  81.25698544543752 
-.9210742644649003  .1715780350618978  .34954710301294 
 .3059549733838086  .8741728168379885  .3771119735081991 
-.240860444245529  .4542938082186833 -.8576732374348702 
-2.445488 -.1148443  .5677115  .0274479  5.819586E-02  3.825885E-02 
 .2313044  15672.34  553.5978 -171.2942  58.8723533211008 
 
 7.992788461538461D-02  3.255072760767913 
 3012657.383465432 -18158672.14292394  9986461.019653965 
 799.9590117460774  374.8270872538649  83.995831893