main           9.890625      102           1.999999955296516D-02 
main           54.92969      201           1.999999955296516D-02 
main           56.85156      202           5.000000074505806D-02 
main           73.71094      203           5.000000074505806D-02 
main           119.0234      204           5.000000074505806D-02 
main           123.582       205           5.000000074505806D-02 
main           127.2617      206           5.000000074505806D-02 
main           134.5703      301           5.000000074505806D-02 
 
 1.999999955296516D-02  0 
 3015132.004297971 -18157858.87125979  10021378.85578534 
 1911.882735252152  380.1810395946469 -304.634033203125 
 .9078370955203879  .1314022621767681 -.3982025282339804 
-.4108037213389489  8.825683270858418D-02 -.9074420279082958 
-8.409584134294235D-02  .987392615414495  .1341033649605624 
 0 -.1745329  .6166  0  0  0 
 0  32000  683 -185  0 
Send.pos.prep: 137.8633      HUDFlags are 0000001000010000
 
 1.999999955296516D-02  1.999999955296516D-02 
 3015170.240135471 -18157851.26577484  10021372.76008593 
 1911.701100265319  380.3674723903715 -304.9359213389839 
 .9076976555010738  .1314395949309061 -.3985079661465418 
-.4111103149381937  8.821244727711559D-02 -.9073074854186981 
-8.410276540800027D-02  .9873916128010108  .1341064048468434 
 .251623 -.1747326  .6165526  0 -7.62816E-04  3.377446E-02 
 .1002703  31980.45  681.1978 -200.3283  17.80561351738168 
 
 1.999999955296516D-02  3.999999910593033D-02 
 3015208.472342825 -18157843.65657358  10021366.65834689 
 1911.519720518786  380.5526710537887 -305.2379967200261 
 .9072942910194374  .1315515610336898 -.3993886030836829 
-.4119948639787068  8.808428954555417D-02 -.9069186236870547 
-.08412669932134  .987388142892578  .134116940527446 
 .2523231 -.1753159  .6164152  0 -1.875125E-03  6.369682E-02 
 .1004918  31976.45  681.2202 -200.6556  17.86870716684567 
 
 1.999999955296516D-02  5.999999865889549D-02 
 3015246.700925365 -18157836.04367956  10021360.55056539 
 1911.338618935462  380.7367478775153 -305.540166813538 
 .9066559797263903  .1317377522750682 -.4007743742455247 
-.4133881299445039  8.788210095135511D-02 -.9063040275500057 
-8.417356145111787D-02  .9873813351273601  .1341376553945472 
 .2534735 -.1762442  .6161984  0 -3.293541E-03  8.991957E-02 
 .1006879  31972.44  681.2428 -200.982  17.92556724955806 
 
 1.999999955296516D-02  7.999999821186066D-02 
 3015284.925888829 -18157828.42711382  10021354.43674041 
 1911.157812921314  380.9198433631114 -305.8423450387747 
 .9058099095074124  .1319971649813384 -.402598008285017 
-.4152235505906228  8.761510960388277D-02 -.9054904723982554 
-8.424850665198588D-02  .9873704173237056  .1341709660132227 
 .2550115 -.1774802  .615912  0 -4.980261E-03  .1126126 
 .1008529  31968.43  681.2657 -201.3075  17.9747806267558 
 
 1.999999955296516D-02  9.999999776482582D-02 
 3015323.147239251 -18157820.80689433  10021348.31687259 
 1910.977314724188  381.1021221668692 -306.1444507972367 
 .9047816628171319  .1323283763643309 -.4047954340634855 
-.4174376656967797  8.729201952809663D-02 -.9045031224845659 
-8.435601867969604D-02  .9873547002650496  .1342190671142681 
 .2568776 -.1789879  .6155653  0 -6.902323E-03  .1319596 
 .100982  31964.42  681.2887 -201.6321  18.01514074984286 
 
 1.999999955296516D-02  .119999997317791 
 3015361.364982866 -18157813.18303559  10021342.19096412 
 1910.797132198232  381.2837689526763 -306.4464096581262 
 .9035953581775199  .1327296911639349 -.4073060983628479 
-.4199704513224587  8.692100628485072D-02 -.9033656838083007 
-.0844999922843175  .9873335645818767  .1342839661091185 
 .259016 -.1807332  .6151669  0 -9.030974E-03  .1481551 
 .1010711  31960.4  681.3121 -201.9562  18.04565436573721 
 
 1.999999955296516D-02  .1399999968707561 
 3015399.579126023 -18157805.55554821  10021336.05901863 
 1910.617268848165  381.4649861956558 -306.7481529964326 
 .9022737536090113  .1331992617179267 -.4100732010581823 
-.4227655692594103  8.650971762052841D-02 -.9021005166864625 
-8.468380599070753D-02  .9873064496067141  .1343675093462423 
 .2613743 -.1826837  .6147248  0 -1.134111E-02  .161401 
 .1011167  31956.37  681.3358 -202.2796  18.06543795454843 
 
 1.999999955296516D-02  .1599999964237213 
 3015437.7896751 -18157797.92443861  10021329.92104106 
 1910.437724254398  381.6459909396507 -307.0496178857035 
 .9008383172302349  .1337351845630572 -.4130438555646165 
-.425770539698559  8.606527800191825D-02 -.9007287135687692 
-8.491038649421148D-02  .9872728439151646  .1344714019152997 
 .2639039 -.184809  .6142465  0 -1.381078E-02  .1719041 
 .1011158  31952.35  681.3599 -202.6028  18.07377221281613 
 
 1.999999955296516D-02  .1799999959766865 
 3015475.996636433 -18157790.28970874  10021323.77703755 
 1910.258494461457  381.8270129661319 -307.3507468274269 
 .8993092699487981  .1343355767170603 -.4161691841213797 
-.4289368468868878  8.559429592614481D-02 -.8992701473348493 
-8.518226556563517D-02  .9872322772949645  .1345972224828702 
 .2665596 -.187081  .6137394  0 -1.642078E-02  .1798736 
 .1010659  31948.31  681.3842 -202.9257  18.0700307173653 
 
 1.999999955296516D-02  .1999999955296516 
 3015514.200016247 -18157782.65135586  10021317.62701534 
 1910.079572304035  382.0082924667526 -307.6514874959767 
 .8977059111400124  .1349951122499517 -.4194048363728097 
-.4322199856831539  8.510287337224713D-02 -.8977434961723983 
-8.549842735591376D-02  .9871847955739642  .1347449379652362 
 .2693021 -.1894708  .6132099  0 -1.879749E-02  .185519 
 .1009649  31944.28  681.409 -203.2487  18.05372724079074 
 
 1.999999955296516D-02  .2199999950826168 
 3015552.3998206 -18157775.00937248  10021311.47098266 
 1909.900948425316  382.1900624561927 -307.9517942658168 
 .8960466673510827  .1357046476887883 -.4227110343067478 
-.4355794546164881  .084596630607239 -.8961662506510188 
-8.585399609232701D-02  .9871310240720649  .1349126853539523 
 .2720978 -.1919483  .6126637  0 -.0208837  .1890479 
 .1008145  31940.23  681.4341 -203.5718  18.02528637604286 
 
 1.999999955296516D-02  .239999994635582 
 3015590.596055365 -18157767.36374674  10021305.30894855 
 1909.722613414425  382.3725281698748 -308.2516305664412 
 .8943487495909823  .1364552317987075 -.4260519731438971 
-.4389787040269595  8.408073500318881D-02 -.8945547090100942 
-8.624390712309996D-02  .9870716284627392  .1350984410274877 
 .2749166 -.1944859  .6121061  0 -2.271259E-02  .1906643 
 .1006208  31936.18  681.4597 -203.8952  17.98617611256236 
 
 1.999999955296516D-02  .2599999941885471 
 3015628.78872622 -18157759.71446297  10021299.1409227 
 1909.544557501032  382.5558664215807 -308.5509681861829 
 .8926280735304702  .1372389489191519 -.4293956139096534 
-.4423850448397311  8.355991494573514D-02 -.8929239680490216 
-8.666368586340373D-02  .9870071993221869  .1353003844737382 
 .2777314 -.1970588  .6115423  0 -2.431362E-02  .1905672 
 .1003896  31932.13  681.4857 -204.2192  17.93788596585199 
 
 1.999999955296516D-02  .2799999937415123 
 3015666.97783865 -18157752.06150219  10021292.96691529 
 1909.36677085948  382.7402289560805 -308.8497865086718 
 .8908992572191371  .1380488323886774 -.4327135696537754 
-.4457695243714526  8.303846955065484D-02 -.8912879129194636 
-8.710938312282293D-02  .9869382617219818  .1355168731972275 
 .2805177 -.1996447  .6109768  0 -2.571295E-02  .1889496 
 .1001264  31928.07  681.5121 -204.5437  17.8817324440384 
 
 1.999999955296516D-02  .2999999932944775 
 3015705.163397937 -18157744.40484261  10021286.78693685 
 1909.18924316659  382.9257460420969 -309.1480713820468 
 .8891756196949416  .1388787824515849 -.4359809641772013 
-.4491067755191943  8.252027829748315D-02 -.889659208827997 
-8.757751722256477D-02  .9868652833363177  .1357464217674267 
 .283254 -.2022243  .6104141  0 -2.693379E-02  .1859966 
 9.983587E-02  31924  681.5392 -204.8689  17.81884190340551 
 
 1.999999955296516D-02  .3199999928474426 
 3015743.345409153 -18157736.74446004  10021280.60099813 
 1909.011963769313  383.1125285034694 -309.4458144550183 
 .8874691834663653  .1397234882240695 -.4391762689809655 
-.4523748449346713  8.200881119650472D-02 -.8880492973683768 
-8.806502181839815D-02  .9867886813926443  .1359876840287043 
 .2859214 -.2047805  .6098584  0 -2.799672E-02  .1818853 
 .099522  31919.92  681.5667 -205.195  17.75023379198374 
 
 1.999999955296516D-02  .3399999924004078 
 3015781.523877155 -18157729.08032822  10021274.40911 
 1908.834921750897  383.3006705392572 -309.7430124159537 
 .8857906828065566  .1405783540524349 -.4422811239754672 
-.4555550057135593  8.150713985847048D-02 -.8864683992796417 
-8.856919906159874D-02  .9867088286439922  .136239437952404 
 .2885034 -.2072989  .6093134  0 -2.891999E-02  .1767838 
 9.918848E-02  31915.84  681.5945 -205.5219  17.67678096720136 
 
 1.999999955296516D-02  .359999991953373 
 3015819.698806577 -18157721.41241916  10021268.21128335 
 1908.658105790916  383.4902521523816 -310.0396661907368 
 .8841495789482724  .1414394303046543 -.4452801473237802 
-.4586315599262923  8.101794962477049D-02 -.8849255245941172 
-8.908767751585088D-02  .9866260585417822  .136500572603703 
 .2909862 -.2097668  .6087826  0 -2.971977E-02  .1708506 
 9.883837E-02  31911.75  681.623 -205.8498  17.5992281188981 
 
 1.999999955296516D-02  .3799999915063381 
 3015857.870201823 -18157713.74070341  10021262.00752903 
 1908.481504058551  383.6813402447052 -310.3357803046906 
 .8825540854149672  .1423033484455609 -.4481607338205033 
-.4615916303960409  8.054355364380614D-02 -.8834284932662925 
-8.961837459849084D-02  .9865406697078473  .1367700769419832 
 .2933582 -.212174  .6082691  0 -3.041036E-02  .1642342 
 9.847429E-02  31907.66  681.6521 -206.1787  17.51825906018123 
 
 1.999999955296516D-02  .3999999910593033 
 3015896.038067055 -18157706.06515027  10021255.79785774 
 1908.305104514267  383.8739906772012 -310.6313623949608 
 .8810112015322107  .1431672605807844 -.4509128499749859 
-.4644249498248126  8.008590822329455D-02 -.881983964301092 
-9.015946292536672D-02  .9864529298460434  .1370470300413899 
 .2956102 -.2145117  .6077752  0 -3.100445E-02  .1570727 
 9.809872E-02  31903.56  681.6817 -206.5086  17.43445219324377 
 
 1.999999955296516D-02  .4199999906122684 
 3015934.202406197 -18157698.38572804  10021249.58228003 
 1908.128894929906  384.0682495596349 -310.9264226810699 
 .8795267536577724  .1440287837643632 -.4535288293455866 
-.467123650819727  7.964662932056472D-02 -.880597472902757 
-9.070934045107829D-02  .9863630791373074  .1373305926212348 
 .2977348 -.2167732  .6073036  0 -3.151324E-02  .1494941 
 9.771368E-02  31899.45  681.7117 -206.8397  17.34831719713648 
 
 1.999999955296516D-02  .4399999901652336 
 3015972.363222923 -18157690.70240417  10021243.3608062 
 1907.952862940163  384.2641548567074 -311.220973452863 
 .8781054450456089  .144885948419344 -.4560031681160561 
-.4696820567324995  7.922701048163279D-02 -.8792734764529588 
-9.126660377587216D-02  .98627133323481  .1376199995438438 
 .2997266 -.2189534  .6068559  0 -3.194667E-02  .1416158 
 9.732096E-02  31895.33  681.7424 -207.172  17.26027985767389 
 
 1.999999955296516D-02  .4599999897181988 
 3016010.520520659 -18157683.01514542  10021237.13344632 
 1907.776995978155  384.4617370388326 -311.5150286138022 
 .8767509133727579  .145737151029062 -.4583323234400634 
-.4720964758350842  7.882804201286067D-02 -.8780154083480038 
-9.183002452427121D-02  .9861778858818272  .1379145532332275 
 .3015821 -.2210482  .6064337  0 -3.231352E-02  .1335448 
 9.692208E-02  31891.21  681.7734 -207.5054  17.17072918883054 
 
 1.999999955296516D-02  .4799999892711639 
 3016048.674302582 -18157675.32391802  10021230.90021014 
 1907.601281606525  384.6610203224116 -311.8086034117666 
 .8754657945583703  .1465811108195055 -.4605145171535865 
-.4743650013650315  7.845043106305565D-02 -.8768257383003615 
-9.239852833370622D-02  .9860829112285334  .1382136177980474 
 .3032992 -.2230554  .6060383  0 -3.262156E-02  .1253783 
 9.651846E-02  31887.07  681.8051 -207.8401  17.07999160177203 
 
 1.999999955296516D-02  .4999999888241291 
 3016086.824571619 -18157667.62868776  10021224.66110711 
 1907.425707359535  384.8620228756051 -312.1017140334305 
 .8742550519401138  .1474155775812542 -.4625437834881946 
-.4764750029547189  7.802710768735793D-02 -.8757187573789007 
-9.300363281339755D-02  .985992098321447  .1384554308475478 
 .3048722 -.224969  .605602 -6.947109E-03 -3.280365E-02  .1165332 
 9.611128E-02  31882.93  681.8375 -208.176  16.98838258059806 
 
 1.999999955296516D-02  .5199999883770943 
 3016124.971330566 -18157659.92942021  10021218.41614652 
 1907.250272543626  385.0647490476259 -312.3943586277306 
 .8731225113912195  .1482379739717858 -.4644163898643428 
-.4784158329868145  7.749067924329568D-02 -.8747076570934684 
-.0936769494028362  .9859111003042577  .1385782502683076 
 .3062978 -.2267843  .6050569 -1.389466E-02 -3.288978E-02  .1078344 
 9.570308E-02  31878.79  681.8702 -208.5131  16.89652773183614 
 
 1.999999955296516D-02  .5399999879300594 
 3016163.114582323 -18157652.22608101  10021212.1653379 
 1907.0749884809  385.2691890602007 -312.6865176800006 
 .872067672541019  .1490466883879596 -.4661363096664665 
-.4801909260641513  .076840952023137 -.873791818809166 
-9.441741912667512D-02  .9858400239251599  .1385813775104626 
 .3075801 -.2285017  .6044027 -2.084262E-02 -3.288934E-02  9.934046E-02 
 9.529652E-02  31874.63  681.9037 -208.8515  16.80507169821526 
 
 1.999999955296516D-02  .5599999874830246 
 3016201.254330023 -18157644.51863603  10021205.90869113 
 1906.899866751775  385.4753257668678 -312.9781727785607 
 .8710893865031056  .1498404217367047 -.467708380014095 
-.4818045827046702  7.607755505881302D-02 -.8729699592202766 
-9.522407682104962D-02  .9857789070730004  .1384641526299826 
 .3087236 -.2301226  .6036388 -2.779095E-02 -3.281083E-02  9.110145E-02 
 9.489308E-02  31870.47  681.9377 -209.1911  16.71440050830468 
 
 1.999999955296516D-02  .5799999870359898 
 3016239.390577033 -18157636.80705157  10021199.64621648 
 1906.724919461913  385.6831372889794 -313.2693063431768 
 .8701859348298835  .1506181514037357 -.4691381580003514 
-.4832618240410012  7.519995993279048D-02 -.8722402051331219 
-9.609603659259651D-02  .9857277202624605  .1382259500143382 
 .309734 -.2316489  .6027648 -3.473962E-02 -3.266186E-02  8.315949E-02 
 9.449387E-02  31866.3  681.972 -209.5319  16.62476905038539 
 
 1.999999955296516D-02  .5999999865889549 
 3016277.523326966 -18157629.09129441  10021193.37792454 
 1906.550159164348  385.8925957926081 -313.5599015220835 
 .8693549672103301  .1513791191547806 -.4704320389499932 
-.4845688044921505  7.421046963635862D-02 -.8715996098607427 
-9.703099865390089D-02  .9856861409598257  .1378688391912867 
 .3106174 -.2330833  .6017826 -4.138295E-02 -3.244932E-02  7.557808E-02 
 9.410015E-02  31862.12  682.007 -209.8738  16.53649101737255 
 
 1.999999955296516D-02  .6199999861419201 
 3016315.652583691 -18157621.37133194  10021187.10382624 
 1906.375598488606  386.1036686429449 -313.8499428408513 
 .8685935513506712  .1521228027052943 -.4715971749799974 
-.4857328331400973  7.311512779880323D-02 -.8710440820628189 
-9.802477932503928D-02  .98565350452583  .1373983684554755 
 .3113809 -.2344292  .600698 -4.762972E-02 -3.217904E-02  6.838996E-02 
 9.371296E-02  31857.93  682.0426 -210.2168  16.44982555822683 
 
 1.999999955296516D-02  .6399999856948853 
 3016353.778351319 -18157613.64713224  10021180.82393278 
 1906.201249557901  386.316318833849 -314.1394171181998 
 .8678984164720218  .1528488598738068 -.4726410527246162 
-.4867616470610958  7.192054432877874D-02 -.8705690864335931 
-9.907289051867491D-02  .9856290688381349  .1368206893183379 
 .3120317 -.2356904  .5995175 -5.350357E-02 -3.185638E-02  6.161002E-02 
 9.333325E-02  31853.74  682.0787 -210.5609  16.36501359003176 
 
 1.999999955296516D-02  .6599999852478504 
 3016391.900634203 -18157605.91866417  10021174.53825561 
 1906.027124037144  386.5305053432552 -314.4283135396188 
 .86726607360161  .1535570946516089 -.4735713000824719 
-.4876631108847978  7.063281156310444D-02 -.8701699237579128 
-.1001710929450575  .9856121065677141  .1361415716280111 
 .3125773 -.2368709  .5982469 -5.902673E-02 -.0314864  5.524818E-02 
 9.296195E-02  31849.54  682.1152 -210.906  16.28227853322436 
 
 1.999999955296516D-02  .6799999848008156 
 3016430.019436923 -18157598.18589746  10021168.24680638 
 1905.853233182306  386.7461833084079 -314.7166233512315 
 .8666928717688381  .1542474351133919 -.4743956099986837 
-.488445143341294  6.925754637812957D-02 -.869841786887698 
-.1013153886208122  .9856019079885248  .1353664323161125 
 .3130252 -.237975  .5968915 -6.422012E-02 -3.107394E-02  4.930984E-02 
 9.259992E-02  31845.33  682.1524 -211.2521  16.20183255103676 
 
 1.999999955296516D-02  .6999999843537807 
 3016468.134764283 -18157590.44880276  10021161.94959689 
 1905.679587990184  386.9633038136012 -315.0043396682083 
 .866175050580098  .1549199130451551 -.4751216710429501 
-.4891156500069954  6.779992979630084D-02 -.8695798125749301 
-.1025020130085173  .9855977831051049  .1345003615887464 
 .3133828 -.2390068  .5954562 -.0691034 -3.062352E-02  4.379616E-02 
 9.224802E-02  31841.11  682.1901 -211.5991  16.12389693439289 
 
 1.999999955296516D-02  .7199999839067459 
 3016506.246621303 -18157582.70735174  10021155.64663907 
 1905.506199241423  387.1818151091687 -315.2914571350511 
 .8657087885499155  .1555746455409569 -.4757571051411028 
-.4896824627433794  6.626474404368653D-02 -.8693791286765533 
-.1037274269854203  .9855990631903164  .1335481468585543 
 .3136578 -.2399708  .5939455 -7.369509E-02 -3.013944E-02  3.870463E-02 
 9.190688E-02  31836.88  682.2283 -211.947  16.0486300585863 
 
 1.999999955296516D-02  .7399999834597111 
 3016544.355013222 -18157574.96151715  10021149.33794492 
 1905.33307778808  387.4016617730348 -315.5779719139739 
 .8652902463306301  .1562118184919129 -.4763094134788082 
-.4901532869585191  6.465640731125273D-02 -.869234895915575 
-.1049883083435309  .9856051018318899  .1325142949047863 
 .3138573 -.2408713  .5923634 -7.801257E-02 -2.962572E-02  3.402942E-02 
 9.157735E-02  31832.65  682.2669 -212.2957  15.97623228550966 
 
 1.999999955296516D-02  .7599999830126762 
 3016582.459945493 -18157567.21127285  10021143.02352653 
 1905.160234527038  387.6227853836003 -315.8638813991727 
 .8649156054197962  .156831671882928 -.4767859291083499 
-.4905356552611553  6.297900599156539D-02 -.8691423449135492 
-.1062815431710316  .9856152756013469  .1314030520287265 
 .3139885 -.2417128  .5907138 -8.207221E-02 -2.908613E-02  .0297619 
 9.126007E-02  31828.41  682.306 -212.6453  15.90686807888255 
 
 1.999999955296516D-02  .7799999825656414 
 3016620.56142379 -18157559.45659392  10021136.70339601 
 1904.987680312165  387.8451255468272 -316.1491838968071 
 .8645811025979422  .1574344867757098 -.4771937755296006 
-.4908368868119279  6.123632428099558D-02 -.8690968088385361 
-.1076042172746988  .9856289844369536  .1302184221317314 
 .3140585 -.2424994  .589 -8.588938E-02 -2.852416E-02  .0258908 
 .0909555  31824.16  682.3457 -212.9955  15.84064804443627 
 
 1.999999955296516D-02  .7999999821186066 
 3016658.659454003 -18157551.69745664  10021130.37756553 
 1904.815426096645  388.0686191401317 -316.4338785893184 
 .8642830608862739  .1580205736402822 -.477539829722557 
-.4910640509757938  5.943187229569954D-02 -.8690937523620049 
-.1089536071192482  .9856456517744207  .1289641835312452 
 .314074 -.2432355  .5872253 -8.947857E-02 -2.794306E-02  2.240264E-02 
 9.066418E-02  31819.91  682.3859 -213.3464  15.77771994876982 
 
 1.999999955296516D-02  .8199999816715717 
 3016696.754042243 -18157543.93383861  10021124.04604723 
 1904.643483045875  388.2932010247538 -316.7179653934432 
 .8640179152163098  .1585902623892405 -.477830692673224 
-.4912239382965776  5.756891146819524D-02 -.8691287953328704 
-.1103271708585931  .9856647244918921  .1276439041343528 
 .3140414 -.2439249  .5853926 -9.285338E-02 -2.734584E-02  1.928221E-02 
 9.038657E-02  31815.64  682.4265 -213.6979  15.7181955654173 
 
 1.999999955296516D-02  .8399999812245369 
 3016734.845194848 -18157536.16571873  10021117.70885327 
 1904.471862601669  388.518804520421 -317.0014448299189 
 .863782233652996  .1591438939252575 -.4780726658696842 
-.4913230373410634  5.565047782214255D-02 -.8691977319897461 
-.1117225393704971  .9856856726890537  .1262609553747084 
 .3139669 -.2445717  .5835046 -.0960266 -2.673524E-02  1.651283E-02 
 9.012308E-02  31811.37  682.4677 -214.05  15.66216227406259 
 
 1.999999955296516D-02  .8599999807775021 
 3016772.932918385 -18157528.39307724  10021111.36599579 
 1904.300576251938  388.7453615173515 -317.2843177697441 
 .8635727356266875  .1596818128137813 -.4782717312770462 
-.491367514927243  5.367940346998422D-02 -.8692965471674966 
-.1131375072929581  .985707989365821  .124818524842768 
 .3138564 -.2451795  .5815639 -9.901027E-02 -.0261138  1.407656E-02 
 8.987393E-02  31807.1  682.5093 -214.4025  15.60969856773951 
 
 1.999999955296516D-02  .8799999803304672 
 3016811.017219653 -18157520.61589578  10021105.0174869 
 1904.129635708554  388.9728024445768 -317.566585434908 
 .863386306466692  .1602043612112467 -.478433536089078 
-.4913632010493539  5.165833601687748D-02 -.8694214288677838 
-.1145700242661002  .9857311900152405  .1233196276786524 
 .3137154 -.2457519  .5795728 -.1018157 -2.548381E-02  1.195461E-02 
 8.963944E-02  31802.81  682.5513 -214.7555  15.56088506004265 
 
 1.999999955296516D-02  .8999999798834324 
 3016849.09810569 -18157512.83415736  10021098.66333869 
 1903.95905303001  389.2010570853207 -317.84824932945 
 .8632200082123068  .1607118739900657 -.4785633824067043 
-.4913155787329579  .0495897564726372 -.8695687771230532 
-.1160181861444256  .9857548121168793  .1217671173682437 
 .3135491 -.2462921  .5775336 -.1044535 -2.484733E-02  1.012752E-02 
 8.941983E-02  31798.52  682.5938 -215.1088  15.51576206622117 
 
 1.999999955296516D-02  .9199999794363976 
 3016887.175583774 -18157505.04784641  10021092.30356323 
 1903.788840520026  389.4300543876657 -318.1293111216969 
 .863071087404282  .1612046747109613 -.4786662208033096 
-.4912297776730165  4.747599503635802D-02 -.869735209947617 
-.117480226481345  .985778414628074  .1201636951797464 
 .3133625 -.2468034  .5754483 -.1069338 -2.420626E-02  8.575486E-03 
 8.921526E-02  31794.22  682.6366 -215.4625  15.47437759493109 
 
 1.999999955296516D-02  .9399999789893627 
 3016925.249661434 -18157497.25694881  10021085.93817253 
 1903.619010585054  389.6597232996163 -318.4097724549084 
 .8629369801215233  .1616830726635066 -.4787466473541429 
-.4911105713899702  4.531924579159172D-02 -.8699175665716247 
-.1189545081439179  .9858015773851079  .1185119193046421 
 .3131599 -.2472887  .573319 -.1092658 -2.356225E-02  7.278488E-03 
 8.902575E-02  31789.91  682.6801 -215.8163  15.43673621225248 
 
 1.999999955296516D-02  .9599999785423279 
 3016963.320346446 -18157489.46145183  10021079.5671786 
 1903.449575756806  389.8899920627637 -318.689634950635 
 .8628153151412045  .1621473604669765 -.4788089028530854 
-.4909623764969409  4.312157973636133D-02 -.8701129088948832 
-.1204395152026891  .9858239005292129  .1168142128471882 
 .3129455 -.2477506  .5711474 -.1114585 -2.291678E-02  6.216443E-03 
 8.885138E-02  31785.6  682.7239 -216.1704  15.40287717670546 
 
 1.999999955296516D-02  .979999978095293 
 3017001.387646841 -18157481.6613442  10021073.19059339 
 1903.280548862137  390.120789050834 -318.9689002176868 
 .8627046639410988  .1625977085057385 -.4788555606891893 
-.4907858670360664  4.086838463843893D-02 -.8703212095856908 
-.1219421811020747  .9858457081743197  .1150580033823866 
 .3127219 -.2481907  .5689187 -.1152262 -2.226726E-02  5.217847E-03 
 8.869218E-02  31781.27  682.7681 -216.5246  15.37279892382996 
 
 1.999999955296516D-02  .9999999776482582 
 3017039.451570934 -18157473.85661605  10021066.80842888 
 1903.111945446719  390.3520426958876 -319.247565404205 
 .862603658377452  .1630342544537083 -.4788890899034542 
-.4905816293110795  3.854590814678997D-02 -.8705422895802505 
-.123468998280222  .9858671537483441  .1132314515663197 
 .3124915 -.2486107  .5666186 -.1187687 -2.161535E-02  4.441576E-03 
 8.854815E-02  31776.94  682.8128 -216.8788  15.34649335129771 
 
 .098828125  1.098828102648258 
 3017227.491594795 -18157435.22237206  10021035.18983627 
 1902.283003836777  391.4951086116943 -320.6227671580684 
 .8622755491280631  .1644899085602055 -.4789821994163786 
-.489234642201704  2.612400047255654D-02 -.8717608625472236 
-.1308829333628591  .9860327614137188  .1030002484131388 
 .3115922 -.249998  .554207 -.1352276 -8.033108E-03  1.591726E-03 
 8.841937E-02  31755.44  683.0397 -218.628  15.33534568319607 
 
 .098828125  1.197656227648258 
 3017415.450375134 -18157396.47554326  10021003.43603084 
 1901.467807772856  392.6304385141167 -321.9838882139636 
 .8621570672042308  .1644948381206935 -.4791937392135308 
-.4875721073544464  1.233928963328616D-02 -.8729955223603892 
-.1376903467921493  .9863007605000572  9.084150063305275D-02 
 .311463 -.2501156  .5402197 -.1468256  8.061859E-03  3.315913E-03 
 8.850983E-02  31733.75  683.2754 -220.3618  15.41461416770307 
 
 .098828125  1.296484352648258 
 3017603.329578298 -18157357.61864328  10020971.54833689 
 1900.672588262315  393.7226362790163 -323.3322898866152 
 .8621437469374473  .1628856840228353 -.4797670409241042 
-.4859053298757279 -2.455643012784449D-03 -.8740079977985056 
-.1435415271446478  .9866418923590287  7.702990475896672D-02 
 .3124154 -.248953  .5249869 -.1549973  2.507357E-02  6.542197E-03 
 9.009952E-02  31711.87  683.5161 -222.0493  15.87011179918415 
 
 .098828125  1.395312477648258 
 3017791.131521673 -18157318.65782354  10020939.52799418 
 1899.904289531897  394.7334785033593 -324.6683214547892 
 .8622365626926909  .1595930049705978 -.480705921245357 
-.4843268295081488 -1.798488116426052D-02 -.8747022729295327 
-.1482418030599902  .987019055952802  6.178795199357943D-02 
 .3144758 -.246451  .508792 -.1607544  .0424041  9.315218E-03 
 9.330224E-02  31689.82  683.7582 -223.6565  16.7311354006178 
 
 .098828125  1.494140602648258 
 3017978.859210444 -18157279.60302036  10020907.37629317 
 1899.169886394805  395.6245938900927 -325.9906080387946 
 .8624658960993437  .1547872210214053 -.481864601598858 
-.48279896780616 -3.403055467294939D-02 -.875069756096025 
-.1518477354156515  .9873615536150476  .0453809177079555 
 .3174137 -.2426878  .4919004 -.1648102  5.572603E-02  1.069672E-02 
 9.811541E-02  31667.6  683.9962 -225.1486  17.99737307082736 
 
 .098828125  1.592968727648258 
 3018166.516282972 -18157240.4676842  10020875.09477298 
 1898.475217722648  396.363236571611 -327.2954922419017 
 .8628261194412123  .148966548190649 -.4830528492102921 
-.4812680631590064 -5.024306041518166D-02 -.8751323821361509 
-.1546355036632807  .9875649864187561  2.834181727631491D-02 
 .3208099 -.2380184  .4747492 -.1639202  6.277798E-02  1.083527E-02 
 .1042936  31645.23  684.2245 -226.4945  19.60735342411672 
 
 .098828125  1.691796852648259 
 3018354.106828385 -18157201.26784503  10020842.68542605 
 1897.823566924382  396.9299512914219 -328.5774574434859 
 .8633107478788326  .1426616975143479 -.4840890338142509 
-.4796474465289441 -6.636609094694795D-02 -.8749479235992758 
-.1569486528618634  .9875440152391917  1.113275932103737D-02 
 .3242427 -.23283  .4576752 -.1632932  .0653394  9.206747E-03 
 .1112749  31622.74  684.4371 -227.6743  21.42165138662813 
 
 .098828125  1.790624977648259 
 3018541.635140315 -18157162.02078728  10020810.15082955 
 1897.215789135286  397.3188063820213 -329.8301872513397 
 .8639293259365911  .1362490853769883 -.4848322457517457 
-.4778178798726135 -8.239775633859193D-02 -.8745860068766282 
-.1591106327709976  .9872420151534773 -6.083588982871916D-03 
 .3274028 -.2273885  .44073 -.1628513  6.495024E-02  6.561408E-03 
 .1184964  31600.13  684.6299 -228.6797  23.30046487352552 
 
 .098828125  1.889453102648259 
 3018729.105529476 -18157122.74392483  10020777.49419235 
 1896.651374919255  397.5331136797496 -331.0472138371969 
 .8646794918215812  .1299610136896025 -.4852210953204145 
-.4757174374503012 -9.834179023553968D-02 -.8740834124950472 
-.1613142775109822  .9866301369885467 -2.320940880482975D-02 
 .3301281 -.2218714  .4239332 -.1625398  6.304742E-02  3.55257E-03 
 .1255812  31577.43  684.7993 -229.5107  25.14966797590304 
 
 .098828125  1.988281227648259 
 3018916.522223437 -18157083.45407516  10020744.71934088 
 1896.129151080812  397.5816305245953 -332.2225074293416 
 .8655516157572339  .1239026922337701 -.4852509900219317 
-.4733306684880136 -.1142058259625671 -.8734501173993262 
-.1636413111922871  .9857003358898839 -4.020409304831442D-02 
 .3323716 -.2163712  .407281 -.1623201  6.075039E-02  6.372484E-04 
 .1323146  31554.66  684.9434 -230.1719  26.91496179802032 
 
 .098828125  2.087109352648258 
 3019103.889325456 -18157044.16708015  10020711.8306655 
 1895.647775142026  397.4753435888799 -333.3506860205459 
 .8664014660625079  .1183029378927242 -.4851318526861403 
-.4710749942258874 -.1286288968659372 -.872664286370269 
-.1656407239172069  .9846111017945109 -5.571470903793053D-02 
 .3342481 -.2112144  .392152 -.1335126  5.386416E-02  2.058461E-03 
 .1386156  31531.83  685.061 -230.6706  28.57454507533599 
 
 .10390625  2.191015602648259 
 3019300.834715997 -18157002.88028147  10020677.13442775 
 1895.180794670637  397.2179243521 -334.4866722834237 
 .8671864889965757  .1132237192022185 -.4849412157280598 
-.4690811275289311 -.1412053472229075 -.871793522407596 
-.1671839977329702  .9834843360855697 -6.934025941937982D-02 
 .3357822 -.2064982  .3789536 -.1121359  .0451045  1.968238E-04 
 .1442534  31507.79  685.1575 -231.0392  30.07022232348791 
 
 .10390625  2.294921852648259 
 3019497.733365396 -18156961.62685371  10020642.32264802 
 1894.74809601987  396.8330159921692 -335.5746518354099 
 .8679430986927635  .1090062720471362 -.4845538257882079 
-.4671901231196434 -.1518954001257204 -.8710115821733362 
-.1685472227331416  .9823672531568994 -8.090991060378011D-02 
 .3367204 -.2024569  .3677617 -9.736416E-02  3.768477E-02 -2.066012E-03 
 .1491743  31483.73  685.2283 -231.2694  31.38581851995297 
 
 .10390625  2.398828102648259 
 3019694.588536815 -18156920.41870752  10020607.40006053 
 1894.343925282795  396.3463392698987 -336.6195133402164 
 .868674183394375  .1054957656020885 -.4840204608734475 
-.4653461845765394 -.1612794028245295 -.8703113711336991 
-.169876695294476  .9812540943428421 -9.100720153501785D-02 
 .3371868 -.1989762  .3579668 -.087152  3.189702E-02 -3.186695E-03 
 .1530879  31459.66  685.2778 -231.3867  32.44595326184347 
 
 .10390625  2.502734352648259 
 3019891.40297 -18156879.26532875  10020572.3709302 
 1893.963961576406  395.7788459608103 -337.6254012409449 
 .8693488433550716  .1024766853211326 -.4834574619579186 
-.4636008501361862 -.1697684165263486 -.8696280449152616 
-.1711924072796562  .9801414253645891 -.1000796981113877 
 .3373994 -.195926  .349122 -8.008934E-02  2.831757E-02 -2.915361E-03 
 .1561849  31435.59  685.3097 -231.4119  33.29844894466881 
 
 .10390625  2.606640602648259 
 3020088.179022141 -18156838.17432504  10020537.23914566 
 1893.605162345007  395.145736825845 -338.5954140028103 
 .8698219644747641  9.986817182929805D-02 -.4831522517516972 
-.4623975105295078 -.1764716874618468 -.8689339939146589 
-.1720415425802004  .9792262720024625 -.1073201558272397 
 .3376871 -.1933951  .3421074 -5.167741E-02  2.304133E-02  2.108563E-03 
 .1586929  31411.52  685.3269 -231.36  34.00027439624044 
 
 .10390625  2.710546852648259 
 3020284.918664085 -18156797.15181824  10020502.0081018 
 1893.263133723008  394.4604090210796 -339.5359565037275 
 .8700418274737032  9.771746299355227D-02 -.4831961463756952 
-.4619280176667622 -.1807603301998598 -.8683019115034192 
-.1721909548747365  .9786608199228883 -.1121306140497993 
 .3381194 -.1914767  .3375644 -3.201694E-02  1.813323E-02  3.974177E-03 
 .1606564  31387.47  685.3323 -231.2464  34.56162475750313 
 
 .10390625  2.814453102648259 
 3020481.623229764 -18156756.20240409  10020466.6804194 
 1892.930010173922  393.7388407394751 -340.4555243711477 
 .8701127846116412  9.597915005898282D-02 -.4834167403072949 
-.4618906400943194 -.1833702200258216 -.867774394068493 
-.1719324828199569  .9783472620504622 -.1152209017050647 
 .3385419 -.1900308  .3347533 -1.840911E-02  1.437112E-02  5.129871E-03 
 .162021  31363.43  685.3277 -231.0901  34.94919994185447 
 
 .10390625  2.918359352648259 
 3020678.293389795 -18156715.32919526  10020431.25792161 
 1892.600889679546  392.9935999063699 -341.3609744157419 
 .8700675485898353  9.451866650387011D-02 -.4837857816980616 
-.4621769164496217 -.1848212232464315 -.8673140223349387 
-.171391244793873  .9782164060779298 -.1171226028057086 
 .3389873 -.1889196  .3331356 -8.988881E-03  .0121636  6.591244E-03 
 .1628865  31339.42  685.3156 -230.906  35.20167149058923 
 
 .10390625  3.022265602648259 
 3020874.929410519 -18156674.53422518  10020395.74181307 
 1892.27289267311  392.2328917751693 -342.2573552799525 
 .8699137463957834  9.317757133690382D-02 -.4843222212860034 
-.4627576348900658 -.1854775188268899 -.8668641539253839 
-.170603180458643  .9782208494044559 -.1182308107382283 
 .3395475 -.1880113  .3323257 -2.466816E-03  1.137092E-02  8.503304E-03 
 .1634095  31315.43  685.2982 -230.704  35.36587464729753 
 
 .10390625  3.126171852648259 
 3021071.531158179 -18156633.81876361  10020360.13292328 
 1891.941197618579  391.4632106536134 -343.1468391430046 
 .8695945125220381  9.185119640575085D-02 -.4851481644924476 
-.4638382480421472 -.1849137091052205 -.8664069481705117 
-.169291061325605  .9784530023990832 -.1181958487065776 
 .3403948 -.1872814  .33274  1.559078E-02  1.067537E-02  1.285676E-02 
 .1637546  31291.46  685.2742 -230.4914  35.45826875412579 
 
 .10390625  3.230078102648259 
 3021268.098125959 -18156593.18365816  10020324.43174567 
 1891.603445367232  390.6861875181538 -344.0337224809733 
 .8691083470397729  9.050732376681342D-02 -.4862706092808434 
-.4654764801971417 -.1828250037929176 -.8659715147574993 
-.1672791902451493  .9789706034057851 -.1167657063449634 
 .34155 -.1867048  .3346855  2.809427E-02  .0104965  1.498561E-02 
 .1640081  31267.52  685.2443 -230.2721  35.52635945591904 
 
 .10390625  3.33398435264826 
 3021464.629536966 -18156552.62963975  10020288.63828221 
 1891.256796569645  389.9024375677104 -344.9231681100432 
 .8685314509376244  8.913337114836149D-02 -.4875534441268087 
-.4674507445720254 -.1796728504018459 -.8655677144091808 
-.1647510853719732  .9796800033563013 -.1143860607440977 
 .3428795 -.1861932  .3376983  3.675221E-02  1.065267E-02  1.640085E-02 
 .164201  31243.6  685.2089 -230.0495  35.5783256071141 
 
 .10390625  3.43789060264826 
 3021661.124364758 -18156512.15741834  10020252.75208552 
 1890.89928725766  389.111749034008 -345.8186629003689 
 .8678852139179365  8.771086614248234D-02 -.4889601818381052 
-.4696643348640909 -.1757825436791284 -.865168139666715 
-.161835311410359  .9805137945476489 -.1113644049168371 
 .3443535 -.1857093  .3414455  4.274745E-02  1.102495E-02  .0177703 
 .164378  31219.7  685.1681 -229.8254  35.62574318476662 
 
 .10390625  3.54179685264826 
 3021857.581410563 -18156471.76775102  10020216.77240718 
 1890.529564311937  388.3134264206197 -346.722514265623 
 .8671690420692105  8.622518258880595D-02 -.4904926812545674 
-.4720766396916561 -.1713819022038597 -.8647380469566601 
-.1586237647208046  .9814242005802138 -.1079121855087972 
 .3459799 -.1852412  .3456916  4.689892E-02  1.149854E-02  1.925134E-02 
 .1645672  31195.83  685.1218 -229.6004  35.67587373459159 
 
 .10390625  3.64570310264826 
 3022053.999356481 -18156431.46147848  10020180.6983011 
 1890.146687948876  387.5065562340851 -347.636219151708 
 .8663628600337949  8.466025064047122D-02 -.4921869936472882 
-.4747267607794242 -.1664250054500333 -.8642552980230029 
-.155080293248168  .982413028986509 -.1039939571495057 
 .3478021 -.1847952  .3504768  5.382888E-02  1.208322E-02  2.143766E-02 
 .1647839  31171.98  685.0699 -229.3747  35.73260425975087 
 
 .10390625  3.74960935264826 
 3022250.376782388 -18156391.23954866  10020144.52866025 
 1889.749630270245  386.6899876831669 -348.5613792208024 
 .8654663103929162  .0830133025468659 -.4940413516853978 
-.4776115816401906 -.1608763219234776 -.8637163806062307 
-.151179504755199  .9834773005233189 -9.958492203811092D-02 
 .3498194 -.1843681  .355835  5.862772E-02  1.267188E-02  2.287829E-02 
 .165037  31148.15  685.0122 -229.148  35.79823576212495 
 
 .10390625  3.85351560264826 
 3022446.712156512 -18156351.10303322  10020108.26220566 
 1889.337270151487  385.8624899841786 -349.4997016998838 
 .8645030031133019  8.129939422230474D-02 -.4960090383321342 
-.4806482267587125 -.1549132717560547 -.8631217529106411 
-.1470096586003342  .9845772121743015 -9.484657898570809D-02 
 .3519767 -.1839469  .3615888  6.195085E-02  1.319772E-02  2.399746E-02 
 .1653297  31124.35  684.9483 -228.9205  35.87363461089677 
 
 .10390625  3.95742185264826 
 3022643.003844902 -18156311.05311833  10020071.89750915 
 1888.908762026197  385.0230897815584 -350.4523514777106 
 .8634811179949983  7.953230804887024D-02 -.4980712507689308 
-.4837923177309605 -.1486601273782843 -.8624645846829743 
-.1426371346130179  .9856849286178065 -8.988809334442416D-02 
 .3542481 -.1835335  .3676131  6.425212E-02  .0136344  2.498628E-02 
 .1656577  31100.57  684.8782 -228.6917  35.95757536792419 
 
 .10390625  4.06132810264826 
 3022839.250135133 -18156271.09107333  10020035.43304016 
 1888.463440902133  384.1711597905279 -351.4201342032944 
 .8624028382117943  .0777246835733318 -.5002201697329556 
-.4870180697500924 -.142203525232453 -.8617375221889522 
-.1381113477638056  .9867811464427596 -8.478339839836924D-02 
 .3566198 -.1831348  .3738205  6.584577E-02  1.398249E-02  2.590108E-02 
 .1660114  31076.81  684.8017 -228.4618  36.04756363533868 
Send.pos.prep: 143.9102      HUDFlags are 0010001000010000
 
 .10390625  4.16523435264826 
 3023035.449252156 -18156231.21821545  10019998.86719689 
 1888.000766462981  383.3064055129566 -352.4036160316919 
 .8612772677880062  7.588291044946655D-02 -.5024373114064531 
-.4902837931398078 -.1356855280104086 -.8609362576131733 
-.133503820829474  .9878416985480282 -.0796586996735249 
 .35907 -.1827462  .3800688  .0653301  1.438918E-02  .0264669 
 .1663807  31053.08  684.7187 -228.2309  36.14101786930374 
 
 .1042351973684211  4.269469550016681 
 3023232.220271809 -18156191.31008698  10019962.08209092 
 1887.518916350935  382.4258897817523 -353.4060700650743 
 .8601046309175282  7.400084165757863D-02 -.5047216057473591 
-.4935771859550556 -.1291849245521286 -.8600539615472664 
-.1288471395837343  .9888554650212686 -7.458742466836402D-02 
 .3615985 -.1823618  .3862776  6.497186E-02  1.478851E-02  2.719891E-02 
 .1667641  31029.3  684.6287 -227.998  36.23748403839086 
 
 .1042351973684211  4.373704747385102 
 3023428.940134454 -18156151.49443037  10019925.19167604 
 1887.0191976527  381.5321132331894 -354.4242177680987 
 .8588845446607335  7.208583355483932D-02 -.5070709728860729 
-.4968943438210564 -.1227090036377201 -.8590916781722877 
-.1241505135775345  .9898212631717611 -6.957382375212975D-02 
 .3642024 -.1819869  .3924401  .0647241  1.516738E-02  2.787245E-02 
 .1671657  31005.55  684.532 -227.7637  36.3380835197641 
 
 .1042351973684211  4.477939944753524 
 3023625.606970069 -18156111.77263533  10019888.19432528 
 1886.501466776293  380.624932410795 -355.4578891239333 
 .8576209798531381  7.014289887702736D-02 -.5094764260030785 
-.5002270248271778 -.1162473663048556 -.858055635410509 
-.1194118023827313  .9907403916083721 -.064608806577708 
 .3668705 -.1816211  .3985684  6.455274E-02  1.551189E-02  2.840003E-02 
 .1675823  30981.81  684.4285 -227.5279  36.44192523453099 
 
 .1042351973684211  4.582175142121945 
 3023822.218892143 -18156072.14610228  10019851.08842692 
